-8.126942 -5.826905 0.206273
-8.163393 -5.775727 0.201826
-8.199521 -5.724321 0.197439
-8.235326 -5.672689 0.193110
-8.443279 -5.358268 0.168345
-8.639234 -5.036232 0.145567
-8.607420 -5.090414 0.149230
-8.575267 -5.144395 0.152945
-8.542774 -5.198173 0.156714
-8.476779 -5.305112 0.164413
-8.509945 -5.251746 0.160536
-8.409446 -5.411213 0.172331
-8.375280 -5.463943 0.176374
-8.340784 -5.516459 0.180472
-8.305959 -5.568756 0.184628
-8.270806 -5.620834 0.188840
-8.090170 -5.877853 0.210780
-8.053079 -5.928568 0.215347
-7.939904 -6.079303 0.229421
-8.015670 -5.979050 0.219976
-7.977944 -6.029295 0.224667
-7.901550 -6.129071 0.234238
-7.862884 -6.178596 0.239119
-7.823908 -6.227878 0.244065
-7.784623 -6.276914 0.249076
-7.745031 -6.325702 0.254154
-7.705132 -6.374240 0.259298
-7.664930 -6.422527 0.264511
-7.583619 -6.518337 0.275144
-7.624425 -6.470560 0.269793
-7.501111 -6.613119 0.286058
-7.542514 -6.565858 0.280565
-7.246531 -6.891138 0.320568
-7.203090 -6.936533 0.326588
-7.071068 -7.071068 0.345131
-7.115357 -7.026500 0.338868
-7.159365 -6.981654 0.332688
-7.000000 -7.000000 15.492788
-7.026500 -7.115357 0.351476
-6.981654 -7.159365 0.357906
-6.936533 -7.203090 0.364422
-6.891138 -7.246531 0.371025
-6.753328 -7.375131 0.391369
-6.799534 -7.332553 0.384497
-6.845471 -7.289686 0.377716
-6.706856 -7.417418 0.398334
-6.660119 -7.459411 0.405394
-7.289686 -6.845471 0.314627
-7.332553 -6.799534 0.308762
-7.375131 -6.753328 0.302974
-7.459411 -6.660119 0.291623
-7.417418 -6.706856 0.297262
-7.000000 -6.000000 83.171403
-6.000000 -6.000000 111.193946
-6.000000 -7.000000 71.146818
-5.144395 -8.575267 0.670957
-5.036232 -8.639234 0.693277
-5.090414 -8.607420 0.682028
-5.198173 -8.542774 0.660061
-5.251746 -8.509945 0.649335
-5.305112 -8.476779 0.638775
-5.358268 -8.443279 0.628378
-5.568756 -8.305959 0.588349
-5.516459 -8.340784 0.598129
-5.463943 -8.375280 0.608059
-5.411213 -8.409446 0.618141
-5.620834 -8.270806 0.578714
-5.672689 -8.235326 0.569223
-5.724321 -8.199521 0.559871
-5.775727 -8.163393 0.550656
-5.826905 -8.126942 0.541575
-6.227878 -7.823908 0.473452
-6.178596 -7.862884 0.481550
-6.129071 -7.901550 0.489763
-6.079303 -7.939904 0.498093
-5.979050 -8.015670 0.515112
-6.029295 -7.977944 0.506541
-5.877853 -8.090170 0.532626
-5.928568 -8.053079 0.523806
-6.518337 -7.583619 0.427154
-6.470560 -7.624425 0.434607
-6.422527 -7.664930 0.442163
-6.374240 -7.705132 0.449823
-6.325702 -7.745031 0.457590
-6.276914 -7.784623 0.465466
-6.565858 -7.542514 0.419802
-6.613119 -7.501111 0.412549
-4.200857 -9.074844 0.886626
-4.143756 -9.101060 0.901404
-4.086491 -9.126916 0.916455
-3.797791 -9.250772 0.996048
-3.855840 -9.226727 0.979525
-3.913737 -9.202318 0.963312
-3.971479 -9.177546 0.947401
-4.029064 -9.152412 0.931785
-4.000000 -9.000000 11.497985
-4.257793 -9.048271 0.872112
-4.314560 -9.021340 0.857856
-4.371158 -8.994053 0.843851
-4.651511 -8.852313 0.777384
-4.595799 -8.881364 0.790223
-4.539905 -8.910065 0.803284
-4.483832 -8.938414 0.816571
-4.427582 -8.966410 0.830092
-4.762382 -8.793163 0.752349
-4.707039 -8.822912 0.764761
-4.817537 -8.763067 0.740142
-4.927273 -8.701838 0.716327
-4.872501 -8.732625 0.728136
-4.981851 -8.670707 0.704708
-5.000000 -8.000000 44.815014
-4.000000 -8.000000 57.585939
-3.000000 -8.000000 57.601701
-3.000000 -9.000000 25.237409
-3.739592 -9.274452 1.012891
-3.681246 -9.297765 1.030061
-3.622754 -9.320711 1.047569
-3.564119 -9.343289 1.065422
-3.505343 -9.365499 1.083631
-3.268880 -9.450631 1.160230
-3.209436 -9.470983 1.180374
-3.149865 -9.490961 1.200938
-3.328195 -9.429905 1.140495
-3.387379 -9.408808 1.121158
-3.446429 -9.387339 1.102206
-2.970416 -9.548645 1.265270
-3.090170 -9.510565 1.221933
-3.030353 -9.529793 1.243373
-2.850193 -9.585218 1.310485
-2.910362 -9.567121 1.287636
-2.669020 -9.637237 1.382066
-2.729519 -9.620277 1.357686
-2.789911 -9.602937 1.333830
-2.608415 -9.653816 1.406986
-2.547707 -9.670015 1.432460
-2.425992 -9.701266 1.485132
-2.364990 -9.716317 1.512362
-2.303894 -9.730985 1.540210
-2.242708 -9.745269 1.568692
-1.997100 -9.798551 1.689303
-1.935495 -9.810905 1.721215
-2.058626 -9.785809 1.658113
-2.120071 -9.772681 1.627626
-2.181432 -9.759168 1.597824
-2.486899 -9.685832 1.458503
-2.000000 -9.000000 27.581623
-1.873813 -9.822873 1.753866
-1.812058 -9.834452 1.787275
-1.750231 -9.845643 1.821460
-1.688334 -9.856446 1.856440
-1.626372 -9.866859 1.892233
-1.564345 -9.876883 1.928857
-1.440108 -9.895761 2.004674
-1.502256 -9.886517 1.966331
-1.253332 -9.921147 2.125093
-1.315644 -9.913076 2.084037
-1.377903 -9.904614 2.043903
-1.190972 -9.928826 2.167089
-1.128564 -9.936113 2.210042
-1.066112 -9.943008 2.253969
-0.941083 -9.955620 2.344807
-1.003617 -9.949510 2.298885
-0.878512 -9.961336 2.391749
-0.815906 -9.966659 2.439725
-0.753268 -9.971589 2.488749
-0.690600 -9.976125 2.538832
-0.627905 -9.980267 2.589988
-0.565185 -9.984016 2.642227
-0.502443 -9.987370 2.695557
-0.439681 -9.990329 2.749988
-0.376902 -9.992895 2.805526
-0.314108 -9.995066 2.862179
-0.251301 -9.996842 2.919951
-0.188484 -9.998224 2.978845
-0.125660 -9.999210 3.038863
-0.062831 -9.999803 3.100008
-0.000000 -10.000000 3.162278
-1.000000 -9.000000 25.332611
-1.000000 -8.000000 42.718840
-2.000000 -8.000000 51.313259
-2.000000 -7.000000 67.402299
-1.000000 -7.000000 54.900744
-1.000000 -6.000000 62.586083
-2.000000 -6.000000 77.892182
-3.000000 -6.000000 93.173036
-3.000000 -7.000000 79.099293
-4.000000 -7.000000 87.238386
-5.000000 -7.000000 87.853061
-5.000000 -6.000000 114.765960
-4.000000 -6.000000 106.371153
-5.000000 -5.000000 131.464846
-4.000000 -5.000000 118.400414
-4.000000 -4.000000 124.198235
-5.000000 -4.000000 139.796112
-5.000000 -3.000000 143.374188
-4.000000 -3.000000 126.302396
-3.000000 -3.000000 106.890997
-3.000000 -4.000000 106.078097
-3.000000 -5.000000 101.896168
-2.000000 -5.000000 84.209899
-2.000000 -4.000000 87.047609
-1.000000 -5.000000 66.828626
-1.000000 -4.000000 68.715850
-1.000000 -3.000000 68.269398
-2.000000 -3.000000 87.002547
-2.000000 -2.000000 85.164110
-1.000000 -2.000000 66.096850
-1.000000 -1.000000 62.483195
-2.000000 -1.000000 81.594479
-3.000000 -1.000000 101.900027
-3.000000 -2.000000 105.353670
-4.000000 -2.000000 125.287406
-5.000000 -2.000000 143.423579
-5.000000 -1.000000 140.703763
-4.000000 -1.000000 122.162245
-6.000000 -1.000000 153.990329
-7.000000 -1.000000 157.316507
-7.000000 -2.000000 157.345613
-6.000000 -2.000000 156.204107
-6.000000 -3.000000 154.365109
-6.000000 -5.000000 135.706195
-6.000000 -4.000000 148.315686
-7.000000 -5.000000 122.224164
-7.000000 -4.000000 142.969887
-7.000000 -3.000000 153.019011
-8.000000 -3.000000 128.685189
-8.000000 -4.000000 109.393278
-8.000000 -5.000000 72.018832
-8.670707 -4.981851 0.141957
-8.701838 -4.927273 0.138399
-8.732625 -4.872501 0.134892
-9.000000 -4.000000 23.081428
-9.250772 -3.797791 0.077631
-9.226727 -3.855840 0.080219
-9.152412 -4.029064 0.088258
-9.202318 -3.913737 0.082852
-9.177546 -3.971479 0.085532
-9.126916 -4.086491 0.091030
-9.101060 -4.143756 0.093850
-9.074844 -4.200857 0.096716
-9.021340 -4.314560 0.102591
-8.994053 -4.371158 0.105600
-9.048271 -4.257793 0.099630
-8.966410 -4.427582 0.108658
-8.938414 -4.483832 0.111764
-8.910065 -4.539905 0.114919
-8.852313 -4.651511 0.121376
-8.881364 -4.595799 0.118123
-8.793163 -4.762382 0.128033
-8.822912 -4.707039 0.124680
-8.763067 -4.817537 0.131437
-9.470983 -3.209436 0.054224
-9.490961 -3.149865 0.052126
-9.450631 -3.268880 0.056366
-9.429905 -3.328195 0.058551
-9.408808 -3.387379 0.060780
-9.387339 -3.446429 0.063054
-9.297765 -3.681246 0.072592
-9.274452 -3.739592 0.075089
-9.320711 -3.622754 0.070140
-9.343289 -3.564119 0.067733
-9.365499 -3.505343 0.065371
-9.000000 -3.000000 63.702283
-9.670015 -2.547707 0.033504
-9.653816 -2.608415 0.035175
-9.637237 -2.669020 0.036888
-9.620277 -2.729519 0.038644
-9.602937 -2.789911 0.040442
-9.510565 -3.090170 0.050071
-9.529793 -3.030353 0.048059
-9.548645 -2.970416 0.046091
-9.567121 -2.910362 0.044165
-9.585218 -2.850193 0.042282
-9.745269 -2.242708 0.025772
-9.730985 -2.303894 0.027235
-9.716317 -2.364990 0.028740
-9.701266 -2.425992 0.030286
-9.685832 -2.486899 0.031874
-9.810905 -1.935495 0.019073
-9.798551 -1.997100 0.020331
-9.759168 -2.181432 0.024350
-9.772681 -2.120071 0.022969
-9.785809 -2.058626 0.021630
-9.845643 -1.750231 0.015544
-9.822873 -1.873813 0.017856
-9.834452 -1.812058 0.016680
-9.876883 -1.564345 0.012381
-9.866859 -1.626372 0.013395
-9.856446 -1.688334 0.014449
-9.886517 -1.502256 0.011407
-9.895761 -1.440108 0.010473
-9.913076 -1.315644 0.008727
-9.921147 -1.253332 0.007913
-9.904614 -1.377903 0.009580
-9.000000 -2.000000 85.376498
-8.000000 -2.000000 138.556419
-8.000000 -1.000000 142.030002
-9.000000 -1.000000 95.325516
-9.928826 -1.190972 0.007140
-9.936113 -1.128564 0.006407
-9.943008 -1.066112 0.005714
-9.955620 -0.941083 0.004447
-9.949510 -1.003617 0.005061
-9.961336 -0.878512 0.003873
-9.966659 -0.815906 0.003339
-9.971589 -0.753268 0.002845
-9.976125 -0.690600 0.002390
-9.980267 -0.627905 0.001975
-9.984016 -0.565185 0.001600
-9.987370 -0.502443 0.001264
-9.990329 -0.439681 0.000967
-9.992895 -0.376902 0.000711
-9.995066 -0.314108 0.000494
-9.996842 -0.251301 0.000316
-9.998224 -0.188484 0.000178
-9.999210 -0.125660 0.000079
-9.999803 -0.062831 0.000020
-10.000000 -0.000000 0.000000
-0.000000 10.000000 3.162278
-0.062831 9.999803 3.100008
-0.125660 9.999210 3.038863
-0.188484 9.998224 2.978845
-0.251301 9.996842 2.919951
-0.314108 9.995066 2.862179
-0.376902 9.992895 2.805526
-0.439681 9.990329 2.749988
-0.502443 9.987370 2.695557
-0.565185 9.984016 2.642227
-1.000000 9.000000 2.099613
-0.627905 9.980267 2.589988
-0.690600 9.976125 2.538832
-0.753268 9.971589 2.488749
-0.815906 9.966659 2.439725
-0.878512 9.961336 2.391749
-0.941083 9.955620 2.344807
-1.003617 9.949510 2.298885
-1.066112 9.943008 2.253969
-1.128564 9.936113 2.210042
-1.190972 9.928826 2.167089
-1.253332 9.921147 2.125093
-1.315644 9.913076 2.084037
-1.377903 9.904614 2.043903
-1.502256 9.886517 1.966331
-1.440108 9.895761 2.004674
-1.873813 9.822873 1.753866
-1.812058 9.834452 1.787275
-1.688334 9.856446 1.856440
-1.626372 9.866859 1.892233
-1.564345 9.876883 1.928857
-1.750231 9.845643 1.821460
-1.935495 9.810905 1.721215
-1.997100 9.798551 1.689303
-2.058626 9.785809 1.658113
-2.181432 9.759168 1.597824
-2.120071 9.772681 1.627626
-2.425992 9.701266 1.485132
-2.364990 9.716317 1.512362
-2.303894 9.730985 1.540210
-2.242708 9.745269 1.568692
-2.486899 9.685832 1.458503
-2.000000 9.000000 5.541645
-2.000000 8.000000 12.465358
-1.000000 8.000000 5.574186
-1.000000 7.000000 10.894094
-1.000000 5.000000 24.867149
-1.000000 6.000000 17.334313
-2.000000 5.000000 39.495308
-2.000000 6.000000 30.025429
-2.000000 7.000000 20.858648
-3.000000 7.000000 31.255342
-3.000000 6.000000 43.543171
-3.000000 5.000000 55.204344
-4.000000 6.000000 56.846122
-4.000000 5.000000 70.959707
-5.000000 5.000000 84.895259
-5.000000 6.000000 67.897959
-4.000000 7.000000 40.905383
-5.000000 7.000000 47.105153
-5.000000 8.000000 21.717906
-4.981851 8.670707 0.704708
-4.927273 8.701838 0.716327
-4.872501 8.732625 0.728136
-4.000000 8.000000 23.796325
-3.000000 8.000000 19.234823
-3.739592 9.274452 1.012891
-3.681246 9.297765 1.030061
-3.622754 9.320711 1.047569
-3.564119 9.343289 1.065422
-3.505343 9.365499 1.083631
-3.000000 9.000000 7.531755
-3.030353 9.529793 1.243373
-3.090170 9.510565 1.221933
-2.970416 9.548645 1.265270
-2.910362 9.567121 1.287636
-2.850193 9.585218 1.310485
-2.547707 9.670015 1.432460
-2.608415 9.653816 1.406986
-2.729519 9.620277 1.357686
-2.669020 9.637237 1.382066
-2.789911 9.602937 1.333830
-3.149865 9.490961 1.200938
-3.268880 9.450631 1.160230
-3.209436 9.470983 1.180374
-3.328195 9.429905 1.140495
-3.387379 9.408808 1.121158
-3.446429 9.387339 1.102206
-3.797791 9.250772 0.996048
-3.855840 9.226727 0.979525
-3.913737 9.202318 0.963312
-3.971479 9.177546 0.947401
-4.029064 9.152412 0.931785
-4.000000 9.000000 4.677965
-4.257793 9.048271 0.872112
-4.314560 9.021340 0.857856
-4.371158 8.994053 0.843851
-4.200857 9.074844 0.886626
-4.143756 9.101060 0.901404
-4.086491 9.126916 0.916455
-4.483832 8.938414 0.816571
-4.427582 8.966410 0.830092
-4.595799 8.881364 0.790223
-4.651511 8.852313 0.777384
-4.539905 8.910065 0.803284
-4.707039 8.822912 0.764761
-4.762382 8.793163 0.752349
-4.817537 8.763067 0.740142
-5.090414 8.607420 0.682028
-5.036232 8.639234 0.693277
-5.144395 8.575267 0.670957
-5.198173 8.542774 0.660061
-5.251746 8.509945 0.649335
-5.305112 8.476779 0.638775
-5.358268 8.443279 0.628378
-5.463943 8.375280 0.608059
-5.411213 8.409446 0.618141
-5.568756 8.305959 0.588349
-5.516459 8.340784 0.598129
-5.620834 8.270806 0.578714
-5.877853 8.090170 0.532626
-5.928568 8.053079 0.523806
-6.227878 7.823908 0.473452
-6.178596 7.862884 0.481550
-6.129071 7.901550 0.489763
-6.079303 7.939904 0.498093
-6.029295 7.977944 0.506541
-5.979050 8.015670 0.515112
-5.826905 8.126942 0.541575
-5.775727 8.163393 0.550656
-5.724321 8.199521 0.559871
-5.672689 8.235326 0.569223
-6.276914 7.784623 0.465466
-6.325702 7.745031 0.457590
-6.374240 7.705132 0.449823
-6.470560 7.624425 0.434607
-6.518337 7.583619 0.427154
-6.422527 7.664930 0.442163
-6.565858 7.542514 0.419802
-6.613119 7.501111 0.412549
-7.501111 6.613119 0.286058
-7.542514 6.565858 0.280565
-7.583619 6.518337 0.275144
-7.624425 6.470560 0.269793
-7.705132 6.374240 0.259298
-7.745031 6.325702 0.254154
-7.784623 6.276914 0.249076
-7.664930 6.422527 0.264511
-8.639234 5.036232 0.145567
-8.607420 5.090414 0.149230
-8.542774 5.198173 0.156714
-8.509945 5.251746 0.160536
-8.476779 5.305112 0.164413
-8.575267 5.144395 0.152945
-8.409446 5.411213 0.172331
-8.375280 5.463943 0.176374
-8.270806 5.620834 0.188840
-8.305959 5.568756 0.184628
-8.340784 5.516459 0.180472
-8.443279 5.358268 0.168345
-8.126942 5.826905 0.206273
-8.235326 5.672689 0.193110
-8.199521 5.724321 0.197439
-8.163393 5.775727 0.201826
-8.090170 5.877853 0.210780
-8.053079 5.928568 0.215347
-8.015670 5.979050 0.219976
-7.977944 6.029295 0.224667
-7.901550 6.129071 0.234238
-7.862884 6.178596 0.239119
-7.823908 6.227878 0.244065
-7.939904 6.079303 0.229421
-8.000000 5.000000 52.866832
-7.000000 5.000000 86.702252
-7.000000 6.000000 55.345292
-7.289686 6.845471 0.314627
-7.332553 6.799534 0.308762
-7.417418 6.706856 0.297262
-7.459411 6.660119 0.291623
-7.375131 6.753328 0.302974
-7.246531 6.891138 0.320568
-7.203090 6.936533 0.326588
-6.936533 7.203090 0.364422
-6.891138 7.246531 0.371025
-7.026500 7.115357 0.351476
-6.981654 7.159365 0.357906
-7.071068 7.071068 0.345131
-7.115357 7.026500 0.338868
-7.159365 6.981654 0.332688
-7.000000 7.000000 9.400539
-6.799534 7.332553 0.384497
-6.845471 7.289686 0.377716
-6.753328 7.375131 0.391369
-6.706856 7.417418 0.398334
-6.660119 7.459411 0.405394
-6.000000 7.000000 41.607061
-6.000000 6.000000 70.729114
-6.000000 5.000000 92.556203
-6.000000 4.000000 109.223793
-6.000000 3.000000 122.830804
-7.000000 3.000000 125.680657
-7.000000 4.000000 108.465583
-8.000000 4.000000 85.935472
-8.732625 4.872501 0.134892
-8.670707 4.981851 0.141957
-8.701838 4.927273 0.138399
-8.763067 4.817537 0.131437
-8.793163 4.762382 0.128033
-8.822912 4.707039 0.124680
-8.852313 4.651511 0.121376
-8.881364 4.595799 0.118123
-8.938414 4.483832 0.111764
-8.966410 4.427582 0.108658
-8.910065 4.539905 0.114919
-9.226727 3.855840 0.080219
-9.250772 3.797791 0.077631
-9.202318 3.913737 0.082852
-9.177546 3.971479 0.085532
-9.152412 4.029064 0.088258
-9.074844 4.200857 0.096716
-9.101060 4.143756 0.093850
-9.126916 4.086491 0.091030
-9.048271 4.257793 0.099630
-8.994053 4.371158 0.105600
-9.021340 4.314560 0.102591
-9.000000 4.000000 18.464469
-9.365499 3.505343 0.065371
-9.343289 3.564119 0.067733
-9.274452 3.739592 0.075089
-9.320711 3.622754 0.070140
-9.297765 3.681246 0.072592
-9.387339 3.446429 0.063054
-9.408808 3.387379 0.060780
-9.429905 3.328195 0.058551
-9.450631 3.268880 0.056366
-9.470983 3.209436 0.054224
-9.490961 3.149865 0.052126
-9.510565 3.090170 0.050071
-9.529793 3.030353 0.048059
-9.567121 2.910362 0.044165
-9.585218 2.850193 0.042282
-9.548645 2.970416 0.046091
-9.670015 2.547707 0.033504
-9.653816 2.608415 0.035175
-9.637237 2.669020 0.036888
-9.620277 2.729519 0.038644
-9.602937 2.789911 0.040442
-9.000000 3.000000 55.090091
-8.000000 3.000000 108.932105
-8.000000 2.000000 124.468921
-9.000000 2.000000 78.084785
-9.685832 2.486899 0.031874
-9.701266 2.425992 0.030286
-9.716317 2.364990 0.028740
-9.730985 2.303894 0.027235
-9.745269 2.242708 0.025772
-9.759168 2.181432 0.024350
-9.785809 2.058626 0.021630
-9.772681 2.120071 0.022969
-9.810905 1.935495 0.019073
-9.798551 1.997100 0.020331
-9.834452 1.812058 0.016680
-9.822873 1.873813 0.017856
-9.845643 1.750231 0.015544
-9.856446 1.688334 0.014449
-9.866859 1.626372 0.013395
-9.876883 1.564345 0.012381
-9.886517 1.502256 0.011407
-9.895761 1.440108 0.010473
-9.904614 1.377903 0.009580
-9.921147 1.253332 0.007913
-9.913076 1.315644 0.008727
-9.000000 1.000000 91.306546
-9.928826 1.190972 0.007140
-9.936113 1.128564 0.006407
-9.943008 1.066112 0.005714
-9.949510 1.003617 0.005061
-9.955620 0.941083 0.004447
-9.961336 0.878512 0.003873
-9.966659 0.815906 0.003339
-9.971589 0.753268 0.002845
-9.976125 0.690600 0.002390
-9.980267 0.627905 0.001975
-9.984016 0.565185 0.001600
-9.987370 0.502443 0.001264
-9.990329 0.439681 0.000967
-9.992895 0.376902 0.000711
-9.995066 0.314108 0.000494
-9.996842 0.251301 0.000316
-9.998224 0.188484 0.000178
-9.999210 0.125660 0.000079
-9.999803 0.062831 0.000020
-9.000000 0.000000 97.186289
-8.000000 1.000000 135.059616
-8.000000 0.000000 141.090088
-7.000000 0.000000 154.289524
-7.000000 1.000000 147.796173
-7.000000 2.000000 138.194050
-6.000000 2.000000 133.660731
-6.000000 1.000000 143.044044
-6.000000 0.000000 149.935899
-5.000000 0.000000 136.030715
-5.000000 1.000000 128.827868
-4.000000 1.000000 110.594752
-4.000000 0.000000 117.494970
-3.000000 0.000000 97.311302
-3.000000 1.000000 91.073824
-3.000000 2.000000 83.568686
-4.000000 2.000000 102.442542
-5.000000 2.000000 120.103125
-5.000000 3.000000 110.055717
-4.000000 3.000000 93.146466
-5.000000 4.000000 98.649791
-4.000000 4.000000 82.978850
-3.000000 4.000000 65.652996
-3.000000 3.000000 74.868098
-2.000000 3.000000 56.900112
-2.000000 4.000000 48.463736
-1.000000 4.000000 32.283973
-1.000000 3.000000 39.554627
-1.000000 2.000000 46.208929
-2.000000 2.000000 64.569674
-2.000000 1.000000 71.326423
-2.000000 0.000000 77.043749
-1.000000 0.000000 57.680187
-1.000000 1.000000 52.168884
0.000000 0.000000 40.487711
0.000000 1.000000 35.179767
1.000000 1.000000 20.318725
1.000000 0.000000 25.195087
2.000000 0.000000 12.312181
2.000000 1.000000 8.077822
2.000000 2.000000 3.778821
1.000000 2.000000 15.332867
0.000000 2.000000 29.741798
0.000000 3.000000 23.806357
1.000000 3.000000 10.543016
0.000000 4.000000 17.818438
1.000000 4.000000 5.746110
2.000000 4.000000 -3.644325
2.000000 3.000000 -0.063676
3.000000 3.000000 -7.862119
3.000000 4.000000 -10.264459
4.000000 4.000000 -13.882952
4.000000 3.000000 -12.865125
4.000000 2.000000 -10.872732
3.000000 2.000000 -4.831349
3.000000 1.000000 -1.439586
3.000000 0.000000 2.221152
4.000000 0.000000 -5.046656
4.000000 1.000000 -8.208752
5.000000 0.000000 -9.086469
6.000000 0.000000 -9.942927
6.000000 1.000000 -11.827856
5.000000 1.000000 -11.687518
5.000000 2.000000 -13.598945
6.000000 2.000000 -12.983873
7.000000 2.000000 -9.188635
7.000000 1.000000 -8.837026
7.000000 0.000000 -7.577855
8.000000 0.000000 -1.920220
8.000000 1.000000 -2.609525
9.000000 0.000000 7.287705
9.999803 0.062831 19.999625
9.999210 0.125660 19.998500
9.998224 0.188484 19.996625
9.996842 0.251301 19.994000
9.995066 0.314108 19.990625
9.992895 0.376902 19.986500
9.990329 0.439681 19.981626
9.987370 0.502443 19.976003
9.984016 0.565185 19.969631
9.980267 0.627905 19.962510
9.976125 0.690600 19.954640
9.971589 0.753268 19.946023
9.966659 0.815906 19.936658
9.961336 0.878512 19.926545
9.955620 0.941083 19.915686
9.949510 1.003617 19.904081
9.943008 1.066112 19.891730
9.936113 1.128564 19.878633
9.928826 1.190972 19.864792
9.000000 1.000000 7.238383
9.913076 1.315644 19.834879
9.921147 1.253332 19.850208
9.904614 1.377903 19.818808
9.895761 1.440108 19.801996
9.886517 1.502256 19.784442
9.876883 1.564345 19.766147
9.866859 1.626372 19.747114
9.856446 1.688334 19.727341
9.845643 1.750231 19.706831
9.822873 1.873813 19.663601
9.834452 1.812058 19.685584
9.798551 1.997100 19.617432
9.810905 1.935495 19.640884
9.772681 2.120071 19.568332
9.785809 2.058626 19.593248
9.759168 2.181432 19.542685
9.745269 2.242708 19.516309
9.730985 2.303894 19.489205
9.716317 2.364990 19.461375
9.701266 2.425992 19.432818
9.685832 2.486899 19.403537
9.000000 2.000000 8.575069
8.000000 2.000000 -2.104800
8.000000 3.000000 -0.182322
9.000000 3.000000 11.449694
9.602937 2.789911 19.246316
9.620277 2.729519 19.279198
9.637237 2.669020 19.311362
9.653816 2.608415 19.342808
9.670015 2.547707 19.373533
9.548645 2.970416 19.143382
9.585218 2.850193 19.212718
9.567121 2.910362 19.178406
9.529793 3.030353 19.107646
9.510565 3.090170 19.071201
9.490961 3.149865 19.034049
9.470983 3.209436 18.996190
9.450631 3.268880 18.957627
9.429905 3.328195 18.918362
9.408808 3.387379 18.878396
9.387339 3.446429 18.837731
9.297765 3.681246 18.668122
9.320711 3.622754 18.711563
9.274452 3.739592 18.623992
9.343289 3.564119 18.754312
9.365499 3.505343 18.796369
9.000000 4.000000 15.994739
9.021340 4.314560 18.145270
8.994053 4.371158 18.093705
9.048271 4.257793 18.196171
9.126916 4.086491 18.344862
9.101060 4.143756 18.295969
9.074844 4.200857 18.246405
9.152412 4.029064 18.393081
9.177546 3.971479 18.440625
9.202318 3.913737 18.487489
9.250772 3.797791 18.579175
9.226727 3.855840 18.533674
8.910065 4.539905 17.935049
8.966410 4.427582 18.041479
8.938414 4.483832 17.988592
8.881364 4.595799 17.880852
8.852313 4.651511 17.826003
8.822912 4.707039 17.770504
8.793163 4.762382 17.714360
8.763067 4.817537 17.657571
8.701838 4.927273 17.542074
8.670707 4.981851 17.483371
8.732625 4.872501 17.600142
8.000000 4.000000 3.283261
7.000000 4.000000 -6.029759
7.000000 3.000000 -8.307743
6.000000 3.000000 -13.073784
5.000000 3.000000 -14.626556
5.000000 4.000000 -14.508347
6.000000 4.000000 -11.897178
5.000000 5.000000 -12.877911
6.000000 5.000000 -8.972872
6.000000 6.000000 -4.276263
5.000000 6.000000 -9.518836
5.000000 7.000000 -4.241731
6.000000 7.000000 2.837872
6.660119 7.459411 13.725631
6.706856 7.417418 13.812046
6.753328 7.375131 13.898025
6.845471 7.289686 14.068658
6.799534 7.332553 13.983564
7.000000 7.000000 12.902818
7.159365 6.981654 14.651418
7.115357 7.026500 14.569582
7.071068 7.071068 14.487266
6.981654 7.159365 14.321215
7.026500 7.115357 14.404476
6.891138 7.246531 14.153301
6.936533 7.203090 14.237488
7.203090 6.936533 14.732769
7.246531 6.891138 14.813631
7.375131 6.753328 15.053237
7.459411 6.660119 15.210446
7.417418 6.706856 15.132097
7.332553 6.799534 14.973869
7.289686 6.845471 14.893999
7.000000 6.000000 4.351772
7.000000 5.000000 -1.927539
8.000000 5.000000 8.680381
7.939904 6.079303 16.109229
7.823908 6.227878 15.891881
7.862884 6.178596 15.964887
7.901550 6.129071 16.037338
7.977944 6.029295 16.180556
8.015670 5.979050 16.251316
8.053079 5.928568 16.321505
8.090170 5.877853 16.391120
8.163393 5.775727 16.528611
8.199521 5.724321 16.596481
8.235326 5.672689 16.663762
8.126942 5.826905 16.460156
8.443279 5.358268 17.054903
8.340784 5.516459 16.862041
8.305959 5.568756 16.796546
8.270806 5.620834 16.730451
8.375280 5.463943 16.926935
8.409446 5.411213 16.991223
8.575267 5.144395 17.303478
8.476779 5.305112 17.117972
8.509945 5.251746 17.180426
8.542774 5.198173 17.242262
8.607420 5.090414 17.364070
8.639234 5.036232 17.424035
7.664930 6.422527 15.594371
7.784623 6.276914 15.818322
7.745031 6.325702 15.744215
7.705132 6.374240 15.669563
7.624425 6.470560 15.518643
7.583619 6.518337 15.442382
7.542514 6.565858 15.365593
7.501111 6.613119 15.288279
6.613119 7.501111 13.638786
6.565858 7.542514 13.551517
6.422527 7.664930 13.287216
6.518337 7.583619 13.463828
6.470560 7.624425 13.375726
6.374240 7.705132 13.198303
6.325702 7.745031 13.108994
6.276914 7.784623 13.019293
5.672689 8.235326 11.914601
5.724321 8.199521 12.008513
5.775727 8.163393 12.102110
5.826905 8.126942 12.195385
5.979050 8.015670 12.473211
6.029295 7.977944 12.565132
6.079303 7.939904 12.656699
6.129071 7.901550 12.747904
6.178596 7.862884 12.838742
6.227878 7.823908 12.929207
5.928568 8.053079 12.380942
5.877853 8.090170 12.288331
5.000000 8.000000 3.763193
5.620834 8.270806 11.820382
5.516459 8.340784 11.631047
5.568756 8.305959 11.725861
5.411213 8.409446 11.440566
5.463943 8.375280 11.535946
5.358268 8.443279 11.344914
5.305112 8.476779 11.248999
5.251746 8.509945 11.152827
5.198173 8.542774 11.056407
5.144395 8.575267 10.959748
5.036232 8.639234 10.765741
5.090414 8.607420 10.862856
4.817537 8.763067 10.375216
4.762382 8.793163 10.277113
4.707039 8.822912 10.178840
4.539905 8.910065 9.883094
4.651511 8.852313 10.080405
4.595799 8.881364 9.981820
4.427582 8.966410 9.685256
4.483832 8.938414 9.784236
4.086491 9.126916 9.089436
4.143756 9.101060 9.188916
4.200857 9.074844 9.288340
4.371158 8.994053 9.586167
4.314560 9.021340 9.486977
4.257793 9.048271 9.387697
4.000000 9.000000 7.035528
4.029064 9.152412 8.989913
3.971479 9.177546 8.890359
3.913737 9.202318 8.790785
3.855840 9.226727 8.691205
3.797791 9.250772 8.591630
3.446429 9.387339 7.995065
3.387379 9.408808 7.895916
3.328195 9.429905 7.796886
3.209436 9.470983 7.599246
3.268880 9.450631 7.697991
3.149865 9.490961 7.500668
2.789911 9.602937 6.913652
2.669020 9.637237 6.720106
2.729519 9.620277 6.816725
2.608415 9.653816 6.623816
2.547707 9.670015 6.527874
2.850193 9.585218 7.010870
2.910362 9.567121 7.108359
2.970416 9.548645 7.206101
3.090170 9.510565 7.402273
3.030353 9.529793 7.304079
3.000000 9.000000 1.827267
3.505343 9.365499 8.094318
3.564119 9.343289 8.193660
3.622754 9.320711 8.293076
3.681246 9.297765 8.392552
3.739592 9.274452 8.492075
3.000000 8.000000 -5.422015
4.000000 8.000000 -2.011333
4.872501 8.732625 10.473139
4.927273 8.701838 10.570873
4.981851 8.670707 10.668410
4.000000 7.000000 -8.276017
4.000000 5.000000 -13.672119
4.000000 6.000000 -11.918249
3.000000 5.000000 -11.458808
3.000000 6.000000 -11.245141
3.000000 7.000000 -9.445853
2.000000 7.000000 -8.324671
2.000000 6.000000 -8.105946
2.000000 5.000000 -6.411990
1.000000 6.000000 -2.202587
1.000000 5.000000 1.442079
0.000000 5.000000 12.095905
0.000000 6.000000 6.418319
1.000000 7.000000 -4.393185
0.000000 7.000000 2.074477
0.000000 8.000000 -0.512540
1.000000 8.000000 -4.439010
2.000000 8.000000 -6.257881
2.000000 9.000000 -1.023312
2.486899 9.685832 6.432301
2.242708 9.745269 6.054107
2.303894 9.730985 6.147998
2.364990 9.716317 6.242342
2.425992 9.701266 6.337117
2.120071 9.772681 5.867768
2.181432 9.759168 5.960689
2.058626 9.785809 5.775365
1.997100 9.798551 5.683503
1.935495 9.810905 5.592204
1.750231 9.845643 5.321922
1.564345 9.876883 5.057546
1.626372 9.866859 5.144976
1.688334 9.856446 5.233109
1.812058 9.834452 5.411391
1.873813 9.822873 5.501493
1.440108 9.895761 4.884889
1.502256 9.886517 4.970843
1.377903 9.904614 4.799709
1.315644 9.913076 4.715324
1.253332 9.921147 4.631758
1.190972 9.928826 4.549032
1.128564 9.936113 4.467170
1.066112 9.943008 4.386192
1.003617 9.949510 4.306120
0.941083 9.955620 4.226973
0.878512 9.961336 4.148773
0.815906 9.966659 4.071537
0.753268 9.971589 3.995285
0.690600 9.976125 3.920033
0.627905 9.980267 3.845799
1.000000 9.000000 -1.650067
0.000000 9.000000 -0.508759
0.565185 9.984016 3.772597
0.502443 9.987370 3.700443
0.439681 9.990329 3.629350
0.376902 9.992895 3.559330
0.314108 9.995066 3.490394
0.251301 9.996842 3.422553
0.188484 9.998224 3.355814
0.125660 9.999210 3.290184
0.062831 9.999803 3.225671
10.000000 0.000000 20.000000
10.000000 -0.000000 20.000000
9.999803 -0.062831 19.999625
9.999210 -0.125660 19.998500
9.998224 -0.188484 19.996625
9.996842 -0.251301 19.994000
9.995066 -0.314108 19.990625
9.992895 -0.376902 19.986500
9.990329 -0.439681 19.981626
9.987370 -0.502443 19.976003
9.984016 -0.565185 19.969631
9.980267 -0.627905 19.962510
9.976125 -0.690600 19.954640
9.971589 -0.753268 19.946023
9.966659 -0.815906 19.936658
9.961336 -0.878512 19.926545
9.949510 -1.003617 19.904081
9.955620 -0.941083 19.915686
9.943008 -1.066112 19.891730
9.936113 -1.128564 19.878633
9.928826 -1.190972 19.864792
9.000000 -1.000000 8.271432
8.000000 -1.000000 -0.509259
8.000000 -2.000000 1.764775
9.000000 -2.000000 10.320475
9.904614 -1.377903 19.818808
9.921147 -1.253332 19.850208
9.913076 -1.315644 19.834879
9.895761 -1.440108 19.801996
9.886517 -1.502256 19.784442
9.856446 -1.688334 19.727341
9.866859 -1.626372 19.747114
9.876883 -1.564345 19.766147
9.834452 -1.812058 19.685584
9.822873 -1.873813 19.663601
9.845643 -1.750231 19.706831
9.785809 -2.058626 19.593248
9.772681 -2.120071 19.568332
9.759168 -2.181432 19.542685
9.798551 -1.997100 19.617432
9.810905 -1.935495 19.640884
9.685832 -2.486899 19.403537
9.701266 -2.425992 19.432818
9.716317 -2.364990 19.461375
9.730985 -2.303894 19.489205
9.745269 -2.242708 19.516309
9.585218 -2.850193 19.212718
9.567121 -2.910362 19.178406
9.548645 -2.970416 19.143382
9.529793 -3.030353 19.107646
9.510565 -3.090170 19.071201
9.602937 -2.789911 19.246316
9.620277 -2.729519 19.279198
9.637237 -2.669020 19.311362
9.653816 -2.608415 19.342808
9.670015 -2.547707 19.373533
9.000000 -3.000000 13.111944
9.365499 -3.505343 18.796369
9.343289 -3.564119 18.754312
9.320711 -3.622754 18.711563
9.274452 -3.739592 18.623992
9.297765 -3.681246 18.668122
9.387339 -3.446429 18.837731
9.408808 -3.387379 18.878396
9.429905 -3.328195 18.918362
9.450631 -3.268880 18.957627
9.490961 -3.149865 19.034049
9.470983 -3.209436 18.996190
8.763067 -4.817537 17.657571
8.822912 -4.707039 17.770504
8.793163 -4.762382 17.714360
8.881364 -4.595799 17.880852
8.852313 -4.651511 17.826003
8.910065 -4.539905 17.935049
8.938414 -4.483832 17.988592
8.966410 -4.427582 18.041479
9.048271 -4.257793 18.196171
8.994053 -4.371158 18.093705
9.021340 -4.314560 18.145270
9.074844 -4.200857 18.246405
9.101060 -4.143756 18.295969
9.126916 -4.086491 18.344862
9.177546 -3.971479 18.440625
9.202318 -3.913737 18.487489
9.152412 -4.029064 18.393081
9.226727 -3.855840 18.533674
9.250772 -3.797791 18.579175
9.000000 -4.000000 16.698576
8.732625 -4.872501 17.600142
8.701838 -4.927273 17.542074
8.670707 -4.981851 17.483371
8.000000 -5.000000 11.949412
8.000000 -4.000000 7.959306
8.000000 -3.000000 4.518923
7.000000 -3.000000 -0.655585
7.000000 -4.000000 2.637916
7.000000 -5.000000 6.243760
6.000000 -4.000000 0.716304
6.000000 -5.000000 3.901703
5.000000 -5.000000 4.831896
5.000000 -4.000000 2.266043
6.000000 -3.000000 -2.300409
5.000000 -3.000000 -0.553745
5.000000 -2.000000 -3.584359
6.000000 -2.000000 -5.192758
7.000000 -2.000000 -3.457167
7.000000 -1.000000 -5.842544
6.000000 -1.000000 -7.802465
5.000000 -1.000000 -6.480600
4.000000 -1.000000 -1.965913
4.000000 -2.000000 1.242334
3.000000 -2.000000 8.931134
3.000000 -1.000000 5.628725
2.000000 -1.000000 16.237113
0.000000 -1.000000 45.018408
1.000000 -1.000000 29.389815
0.000000 -2.000000 48.610740
1.000000 -2.000000 32.953229
2.000000 -2.000000 19.628635
2.000000 -3.000000 22.204819
1.000000 -3.000000 35.480853
0.000000 -3.000000 51.001397
1.000000 -4.000000 36.794709
0.000000 -4.000000 51.944229
0.000000 -5.000000 51.152411
1.000000 -5.000000 36.934585
2.000000 -4.000000 23.870512
2.000000 -5.000000 24.792657
3.000000 -5.000000 15.394738
3.000000 -4.000000 13.897378
3.000000 -3.000000 11.724795
4.000000 -3.000000 4.172027
4.000000 -4.000000 6.688962
4.000000 -5.000000 8.651131
4.000000 -6.000000 9.990504
4.000000 -7.000000 10.637424
3.000000 -7.000000 15.282945
3.000000 -6.000000 15.785577
2.000000 -6.000000 24.284725
0.000000 -6.000000 48.221389
1.000000 -6.000000 35.277663
0.000000 -7.000000 42.874349
1.000000 -7.000000 31.770428
2.000000 -7.000000 22.191554
2.000000 -8.000000 18.486797
1.000000 -8.000000 25.718724
0.000000 -8.000000 34.118981
1.000000 -9.000000 16.393810
0.000000 -9.000000 21.094986
0.062831 -9.999803 3.225671
0.125660 -9.999210 3.290184
0.188484 -9.998224 3.355814
0.251301 -9.996842 3.422553
0.314108 -9.995066 3.490394
0.376902 -9.992895 3.559330
0.439681 -9.990329 3.629350
0.502443 -9.987370 3.700443
0.565185 -9.984016 3.772597
0.627905 -9.980267 3.845799
0.690600 -9.976125 3.920033
0.753268 -9.971589 3.995285
0.815906 -9.966659 4.071537
0.878512 -9.961336 4.148773
1.003617 -9.949510 4.306120
0.941083 -9.955620 4.226973
1.066112 -9.943008 4.386192
1.128564 -9.936113 4.467170
1.190972 -9.928826 4.549032
1.377903 -9.904614 4.799709
1.315644 -9.913076 4.715324
1.253332 -9.921147 4.631758
1.502256 -9.886517 4.970843
1.440108 -9.895761 4.884889
1.564345 -9.876883 5.057546
1.626372 -9.866859 5.144976
1.688334 -9.856446 5.233109
1.750231 -9.845643 5.321922
1.812058 -9.834452 5.411391
1.873813 -9.822873 5.501493
2.000000 -9.000000 12.364627
2.486899 -9.685832 6.432301
2.181432 -9.759168 5.960689
2.120071 -9.772681 5.867768
2.058626 -9.785809 5.775365
1.935495 -9.810905 5.592204
1.997100 -9.798551 5.683503
2.242708 -9.745269 6.054107
2.303894 -9.730985 6.147998
2.364990 -9.716317 6.242342
2.425992 -9.701266 6.337117
2.547707 -9.670015 6.527874
2.608415 -9.653816 6.623816
2.789911 -9.602937 6.913652
2.729519 -9.620277 6.816725
2.669020 -9.637237 6.720106
2.910362 -9.567121 7.108359
2.850193 -9.585218 7.010870
3.030353 -9.529793 7.304079
3.090170 -9.510565 7.402273
2.970416 -9.548645 7.206101
3.446429 -9.387339 7.995065
3.387379 -9.408808 7.895916
3.328195 -9.429905 7.796886
3.149865 -9.490961 7.500668
3.209436 -9.470983 7.599246
3.268880 -9.450631 7.697991
3.505343 -9.365499 8.094318
3.564119 -9.343289 8.193660
3.622754 -9.320711 8.293076
3.681246 -9.297765 8.392552
3.739592 -9.274452 8.492075
3.000000 -9.000000 9.796440
3.000000 -8.000000 13.339952
4.000000 -8.000000 10.435758
4.981851 -8.670707 10.668410
4.872501 -8.732625 10.473139
4.927273 -8.701838 10.570873
4.817537 -8.763067 10.375216
4.707039 -8.822912 10.178840
4.762382 -8.793163 10.277113
4.427582 -8.966410 9.685256
4.483832 -8.938414 9.784236
4.539905 -8.910065 9.883094
4.595799 -8.881364 9.981820
4.651511 -8.852313 10.080405
4.371158 -8.994053 9.586167
4.314560 -9.021340 9.486977
4.257793 -9.048271 9.387697
4.000000 -9.000000 9.172718
4.029064 -9.152412 8.989913
3.971479 -9.177546 8.890359
3.913737 -9.202318 8.790785
3.855840 -9.226727 8.691205
3.797791 -9.250772 8.591630
4.086491 -9.126916 9.089436
4.143756 -9.101060 9.188916
4.200857 -9.074844 9.288340
6.613119 -7.501111 13.638786
6.565858 -7.542514 13.551517
6.276914 -7.784623 13.019293
6.325702 -7.745031 13.108994
6.374240 -7.705132 13.198303
6.422527 -7.664930 13.287216
6.470560 -7.624425 13.375726
6.518337 -7.583619 13.463828
5.928568 -8.053079 12.380942
5.877853 -8.090170 12.288331
6.029295 -7.977944 12.565132
5.979050 -8.015670 12.473211
6.079303 -7.939904 12.656699
6.129071 -7.901550 12.747904
6.178596 -7.862884 12.838742
6.227878 -7.823908 12.929207
5.826905 -8.126942 12.195385
5.775727 -8.163393 12.102110
5.724321 -8.199521 12.008513
5.672689 -8.235326 11.914601
5.620834 -8.270806 11.820382
5.411213 -8.409446 11.440566
5.463943 -8.375280 11.535946
5.516459 -8.340784 11.631047
5.568756 -8.305959 11.725861
5.358268 -8.443279 11.344914
5.305112 -8.476779 11.248999
5.251746 -8.509945 11.152827
5.198173 -8.542774 11.056407
5.090414 -8.607420 10.862856
5.036232 -8.639234 10.765741
5.144395 -8.575267 10.959748
5.000000 -8.000000 10.027106
5.000000 -7.000000 8.634593
6.000000 -7.000000 9.754765
5.000000 -6.000000 6.956705
6.000000 -6.000000 6.894747
7.000000 -6.000000 9.912123
7.417418 -6.706856 15.132097
7.459411 -6.660119 15.210446
7.375131 -6.753328 15.053237
7.332553 -6.799534 14.973869
7.289686 -6.845471 14.893999
6.660119 -7.459411 13.725631
6.706856 -7.417418 13.812046
6.845471 -7.289686 14.068658
6.799534 -7.332553 13.983564
6.753328 -7.375131 13.898025
6.891138 -7.246531 14.153301
6.936533 -7.203090 14.237488
6.981654 -7.159365 14.321215
7.026500 -7.115357 14.404476
7.000000 -7.000000 13.775704
7.159365 -6.981654 14.651418
7.115357 -7.026500 14.569582
7.071068 -7.071068 14.487266
7.203090 -6.936533 14.732769
7.246531 -6.891138 14.813631
7.542514 -6.565858 15.365593
7.501111 -6.613119 15.288279
7.624425 -6.470560 15.518643
7.583619 -6.518337 15.442382
7.664930 -6.422527 15.594371
7.705132 -6.374240 15.669563
7.745031 -6.325702 15.744215
7.784623 -6.276914 15.818322
7.823908 -6.227878 15.891881
7.862884 -6.178596 15.964887
7.901550 -6.129071 16.037338
7.977944 -6.029295 16.180556
8.015670 -5.979050 16.251316
7.939904 -6.079303 16.109229
8.053079 -5.928568 16.321505
8.090170 -5.877853 16.391120
8.270806 -5.620834 16.730451
8.305959 -5.568756 16.796546
8.340784 -5.516459 16.862041
8.375280 -5.463943 16.926935
8.409446 -5.411213 16.991223
8.509945 -5.251746 17.180426
8.476779 -5.305112 17.117972
8.542774 -5.198173 17.242262
8.575267 -5.144395 17.303478
8.607420 -5.090414 17.364070
8.639234 -5.036232 17.424035
8.443279 -5.358268 17.054903
8.235326 -5.672689 16.663762
8.199521 -5.724321 16.596481
8.163393 -5.775727 16.528611
8.126942 -5.826905 16.460156