-8.126942 -5.826905 0.206273
-8.163393 -5.775727 0.201826
-8.199521 -5.724321 0.197439
-8.235326 -5.672689 0.193110
-8.443279 -5.358268 0.168345
-8.639234 -5.036232 0.145567
-8.607420 -5.090414 0.149230
-8.575267 -5.144395 0.152945
-8.542774 -5.198173 0.156714
-8.476779 -5.305112 0.164413
-8.509945 -5.251746 0.160536
-8.409446 -5.411213 0.172331
-8.375280 -5.463943 0.176374
-8.340784 -5.516459 0.180472
-8.305959 -5.568756 0.184628
-8.270806 -5.620834 0.188840
-8.000000 -5.500000 42.641422
-8.090170 -5.877853 0.210780
-8.053079 -5.928568 0.215347
-7.939904 -6.079303 0.229421
-8.015670 -5.979050 0.219976
-7.977944 -6.029295 0.224667
-7.901550 -6.129071 0.234238
-7.862884 -6.178596 0.239119
-7.823908 -6.227878 0.244065
-7.784623 -6.276914 0.249076
-7.745031 -6.325702 0.254154
-7.705132 -6.374240 0.259298
-7.664930 -6.422527 0.264511
-7.583619 -6.518337 0.275144
-7.624425 -6.470560 0.269793
-7.501111 -6.613119 0.286058
-7.542514 -6.565858 0.280565
-7.246531 -6.891138 0.320568
-7.203090 -6.936533 0.326588
-7.071068 -7.071068 0.345131
-7.115357 -7.026500 0.338868
-7.159365 -6.981654 0.332688
-7.000000 -7.000000 15.255596
-7.026500 -7.115357 0.351476
-6.981654 -7.159365 0.357906
-6.936533 -7.203090 0.364422
-6.891138 -7.246531 0.371025
-6.753328 -7.375131 0.391369
-6.799534 -7.332553 0.384497
-6.845471 -7.289686 0.377716
-6.706856 -7.417418 0.398334
-6.660119 -7.459411 0.405394
-6.500000 -7.500000 10.842077
-6.500000 -7.000000 52.029706
-6.500000 -6.500000 82.031899
-7.000000 -6.500000 55.969936
-7.289686 -6.845471 0.314627
-7.332553 -6.799534 0.308762
-7.375131 -6.753328 0.302974
-7.459411 -6.660119 0.291623
-7.417418 -6.706856 0.297262
-7.500000 -6.500000 12.335522
-7.500000 -6.000000 53.346497
-7.000000 -6.000000 85.531909
-7.500000 -5.500000 82.867692
-7.000000 -5.500000 107.096407
-6.500000 -5.500000 120.634233
-6.500000 -6.000000 104.123785
-6.000000 -6.000000 113.760996
-6.000000 -5.500000 126.855437
-5.500000 -5.500000 127.952711
-5.500000 -6.000000 117.178923
-5.500000 -6.500000 103.243570
-6.000000 -6.500000 96.488800
-6.000000 -7.000000 73.541156
-6.000000 -7.500000 42.746052
-5.500000 -7.500000 61.132136
-5.500000 -7.000000 84.973110
-5.500000 -8.000000 29.478239
-5.144395 -8.575267 0.670957
-5.036232 -8.639234 0.693277
-5.090414 -8.607420 0.682028
-5.198173 -8.542774 0.660061
-5.251746 -8.509945 0.649335
-5.305112 -8.476779 0.638775
-5.358268 -8.443279 0.628378
-5.568756 -8.305959 0.588349
-5.516459 -8.340784 0.598129
-5.463943 -8.375280 0.608059
-5.411213 -8.409446 0.618141
-5.620834 -8.270806 0.578714
-5.672689 -8.235326 0.569223
-5.724321 -8.199521 0.559871
-5.775727 -8.163393 0.550656
-5.826905 -8.126942 0.541575
-6.227878 -7.823908 0.473452
-6.178596 -7.862884 0.481550
-6.129071 -7.901550 0.489763
-6.079303 -7.939904 0.498093
-5.979050 -8.015670 0.515112
-6.029295 -7.977944 0.506541
-5.877853 -8.090170 0.532626
-5.928568 -8.053079 0.523806
-6.518337 -7.583619 0.427154
-6.470560 -7.624425 0.434607
-6.422527 -7.664930 0.442163
-6.374240 -7.705132 0.449823
-6.325702 -7.745031 0.457590
-6.276914 -7.784623 0.465466
-6.565858 -7.542514 0.419802
-6.613119 -7.501111 0.412549
-4.200857 -9.074844 0.886626
-4.143756 -9.101060 0.901404
-4.086491 -9.126916 0.916455
-3.797791 -9.250772 0.996048
-3.855840 -9.226727 0.979525
-3.913737 -9.202318 0.963312
-3.971479 -9.177546 0.947401
-4.029064 -9.152412 0.931785
-4.000000 -9.000000 11.487048
-4.257793 -9.048271 0.872112
-4.314560 -9.021340 0.857856
-4.371158 -8.994053 0.843851
-4.651511 -8.852313 0.777384
-4.595799 -8.881364 0.790223
-4.539905 -8.910065 0.803284
-4.483832 -8.938414 0.816571
-4.427582 -8.966410 0.830092
-4.762382 -8.793163 0.752349
-4.707039 -8.822912 0.764761
-4.817537 -8.763067 0.740142
-4.927273 -8.701838 0.716327
-4.872501 -8.732625 0.728136
-4.981851 -8.670707 0.704708
-5.000000 -8.500000 13.532742
-4.500000 -8.500000 29.281927
-5.000000 -8.000000 46.037224
-4.500000 -8.000000 55.187059
-4.000000 -8.000000 59.342068
-4.000000 -8.500000 38.280043
-3.500000 -8.500000 42.711117
-3.500000 -8.000000 60.134698
-3.000000 -8.000000 58.650916
-3.000000 -8.500000 43.973051
-3.000000 -9.000000 25.713599
-3.500000 -9.000000 20.732384
-3.739592 -9.274452 1.012891
-3.681246 -9.297765 1.030061
-3.622754 -9.320711 1.047569
-3.564119 -9.343289 1.065422
-3.505343 -9.365499 1.083631
-3.268880 -9.450631 1.160230
-3.209436 -9.470983 1.180374
-3.149865 -9.490961 1.200938
-3.328195 -9.429905 1.140495
-3.387379 -9.408808 1.121158
-3.446429 -9.387339 1.102206
-2.970416 -9.548645 1.265270
-3.090170 -9.510565 1.221933
-3.030353 -9.529793 1.243373
-3.000000 -9.500000 3.284013
-2.850193 -9.585218 1.310485
-2.910362 -9.567121 1.287636
-2.669020 -9.637237 1.382066
-2.729519 -9.620277 1.357686
-2.789911 -9.602937 1.333830
-2.608415 -9.653816 1.406986
-2.547707 -9.670015 1.432460
-2.425992 -9.701266 1.485132
-2.364990 -9.716317 1.512362
-2.303894 -9.730985 1.540210
-2.242708 -9.745269 1.568692
-1.997100 -9.798551 1.689303
-1.935495 -9.810905 1.721215
-2.058626 -9.785809 1.658113
-2.120071 -9.772681 1.627626
-2.181432 -9.759168 1.597824
-2.000000 -9.500000 12.574635
-2.486899 -9.685832 1.458503
-2.500000 -9.500000 9.274583
-2.500000 -9.000000 27.933879
-2.000000 -9.000000 28.280867
-1.500000 -9.000000 27.362070
-1.500000 -9.500000 14.043611
-1.873813 -9.822873 1.753866
-1.812058 -9.834452 1.787275
-1.750231 -9.845643 1.821460
-1.688334 -9.856446 1.856440
-1.626372 -9.866859 1.892233
-1.564345 -9.876883 1.928857
-1.440108 -9.895761 2.004674
-1.502256 -9.886517 1.966331
-1.253332 -9.921147 2.125093
-1.315644 -9.913076 2.084037
-1.377903 -9.904614 2.043903
-1.190972 -9.928826 2.167089
-1.128564 -9.936113 2.210042
-1.066112 -9.943008 2.253969
-0.941083 -9.955620 2.344807
-1.003617 -9.949510 2.298885
-1.000000 -9.500000 14.295852
-0.878512 -9.961336 2.391749
-0.815906 -9.966659 2.439725
-0.753268 -9.971589 2.488749
-0.690600 -9.976125 2.538832
-0.627905 -9.980267 2.589988
-0.565185 -9.984016 2.642227
-0.502443 -9.987370 2.695557
-0.439681 -9.990329 2.749988
-0.376902 -9.992895 2.805526
-0.314108 -9.995066 2.862179
-0.251301 -9.996842 2.919951
-0.188484 -9.998224 2.978845
-0.125660 -9.999210 3.038863
-0.062831 -9.999803 3.100008
-0.000000 -10.000000 3.162278
-0.500000 -9.500000 13.833536
-0.500000 -9.000000 23.513590
-1.000000 -9.000000 25.651882
-1.000000 -8.500000 35.101152
-0.500000 -8.500000 31.565862
-0.500000 -8.000000 38.288601
-1.000000 -8.000000 42.945657
-1.500000 -8.000000 47.573840
-1.500000 -8.500000 38.413979
-2.000000 -8.500000 41.224662
-2.500000 -8.500000 43.225725
-2.500000 -8.000000 55.756522
-2.000000 -8.000000 51.939296
-2.500000 -7.500000 65.978205
-2.000000 -7.500000 60.730564
-2.000000 -7.000000 67.858606
-2.500000 -7.000000 74.254802
-2.500000 -6.500000 80.873400
-2.000000 -6.500000 73.556373
-1.500000 -6.500000 66.189130
-1.500000 -7.000000 61.246660
-1.500000 -7.500000 55.107685
-1.000000 -7.500000 49.454870
-1.000000 -7.000000 54.708048
-0.500000 -7.500000 43.867336
-0.500000 -7.000000 48.371057
-0.500000 -6.500000 51.967291
-1.000000 -6.500000 58.939700
-1.000000 -6.000000 62.268303
-0.500000 -6.000000 54.758652
-0.500000 -5.500000 56.822889
-1.000000 -5.500000 64.781901
-1.500000 -5.500000 73.074492
-1.500000 -6.000000 70.127175
-2.000000 -6.000000 78.098422
-2.500000 -6.000000 86.144586
-2.500000 -5.500000 90.214113
-2.000000 -5.500000 81.594047
-3.000000 -5.500000 98.762652
-3.500000 -5.500000 106.943979
-3.500000 -6.000000 101.425810
-3.000000 -6.000000 94.002661
-3.000000 -6.500000 87.930262
-3.000000 -7.500000 70.599484
-3.000000 -7.000000 80.237924
-3.500000 -7.500000 74.168875
-3.500000 -7.000000 85.465340
-3.500000 -6.500000 94.400988
-4.000000 -6.500000 99.715213
-4.000000 -7.000000 89.319733
-4.000000 -7.500000 76.044418
-4.500000 -7.000000 91.157992
-4.500000 -7.500000 75.427571
-5.000000 -7.500000 70.970867
-5.000000 -7.000000 90.126145
-4.500000 -6.500000 103.496962
-5.000000 -6.500000 105.005517
-5.000000 -6.000000 116.583213
-4.500000 -6.000000 113.221418
-4.000000 -6.000000 107.959772
-4.000000 -5.500000 114.439280
-4.500000 -5.500000 120.840604
-5.000000 -5.500000 125.602915
-5.000000 -5.000000 132.603405
-5.000000 -4.500000 137.719358
-4.500000 -4.500000 131.030761
-4.500000 -5.000000 126.744444
-4.000000 -5.000000 119.463451
-4.000000 -4.500000 123.118532
-4.000000 -4.000000 125.638273
-4.500000 -4.000000 134.067653
-5.000000 -4.000000 141.400351
-5.000000 -3.500000 143.869255
-4.500000 -3.500000 136.027751
-5.000000 -3.000000 145.341068
-4.500000 -3.000000 137.065391
-4.000000 -3.000000 127.834460
-4.000000 -3.500000 127.175596
-3.500000 -3.500000 117.608742
-3.500000 -3.000000 117.982211
-3.000000 -3.000000 107.779305
-3.000000 -3.500000 107.611246
-3.000000 -4.000000 106.697343
-3.500000 -4.000000 116.401246
-3.500000 -4.500000 114.309269
-3.500000 -5.000000 111.215291
-3.000000 -5.000000 102.357261
-3.000000 -4.500000 104.957040
-2.500000 -5.000000 93.276670
-2.000000 -5.000000 84.208904
-2.000000 -4.500000 85.962142
-2.500000 -4.500000 95.436531
-2.500000 -4.000000 96.817307
-2.000000 -4.000000 87.042296
-1.500000 -4.000000 77.477914
-1.500000 -4.500000 76.667539
-1.500000 -5.000000 75.259031
-1.000000 -5.000000 66.568765
-1.000000 -4.500000 67.675054
-0.500000 -5.000000 58.231085
-0.500000 -4.500000 59.097607
-0.500000 -4.000000 59.438010
-1.000000 -4.000000 68.233579
-1.000000 -3.500000 68.288624
-0.500000 -3.500000 59.310129
-0.500000 -3.000000 58.752532
-1.000000 -3.000000 67.864386
-1.500000 -3.000000 77.412615
-1.500000 -3.500000 77.706897
-2.000000 -3.500000 87.465677
-2.500000 -3.500000 97.489420
-2.500000 -3.000000 97.504309
-2.000000 -3.000000 87.329792
-2.500000 -2.500000 97.010729
-2.000000 -2.500000 86.718623
-2.000000 -2.000000 85.588615
-2.500000 -2.000000 95.934036
-2.500000 -1.500000 94.406521
-2.000000 -1.500000 84.005386
-1.500000 -1.500000 73.899144
-1.500000 -2.000000 75.498339
-1.500000 -2.500000 76.688582
-1.000000 -2.500000 67.023737
-1.000000 -2.000000 65.768674
-0.500000 -2.500000 57.803558
-0.500000 -2.000000 56.535942
-0.500000 -1.500000 54.930513
-1.000000 -1.500000 64.184955
-1.000000 -1.000000 62.299990
-0.500000 -1.000000 53.078941
-0.500000 -0.500000 50.955854
-1.000000 -0.500000 60.130235
-1.500000 -0.500000 69.800243
-1.500000 -1.000000 72.000647
-2.000000 -1.000000 82.083454
-2.500000 -1.000000 92.485878
-2.500000 -0.500000 90.195186
-2.000000 -0.500000 79.841454
-3.000000 -0.500000 100.699253
-3.500000 -0.500000 111.179141
-3.500000 -1.000000 113.506184
-3.000000 -1.000000 103.039926
-3.000000 -1.500000 104.932159
-3.000000 -2.500000 107.379997
-3.000000 -2.000000 106.403638
-3.500000 -2.500000 117.708347
-3.500000 -2.000000 116.827435
-3.500000 -1.500000 115.402677
-4.000000 -1.500000 125.616049
-4.000000 -2.000000 126.992345
-4.000000 -2.500000 127.751763
-4.500000 -2.000000 136.649285
-4.500000 -2.500000 137.239816
-5.000000 -2.500000 145.836832
-5.000000 -2.000000 145.472106
-4.500000 -1.500000 135.368208
-5.000000 -1.500000 144.346774
-5.000000 -1.000000 142.538924
-4.500000 -1.000000 133.521304
-4.000000 -1.000000 123.736180
-4.000000 -0.500000 121.407418
-4.500000 -0.500000 131.185061
-5.000000 -0.500000 140.180874
-5.500000 -0.500000 147.977975
-5.500000 -1.000000 150.307618
-6.000000 -1.000000 156.203332
-6.000000 -0.500000 153.999410
-6.500000 -0.500000 157.598708
-7.500000 -0.500000 153.888339
-7.000000 -0.500000 157.925123
-7.500000 -1.000000 155.032531
-7.000000 -1.000000 159.575571
-6.500000 -1.000000 159.599473
-6.500000 -1.500000 160.691825
-7.000000 -1.500000 160.258534
-7.500000 -1.500000 155.151177
-7.000000 -2.000000 159.852912
-7.500000 -2.000000 153.953630
-7.500000 -2.500000 151.487021
-7.000000 -2.500000 158.390488
-6.500000 -2.000000 160.915758
-6.500000 -2.500000 160.073937
-6.000000 -2.500000 157.933187
-6.000000 -2.000000 158.222197
-6.000000 -1.500000 157.568448
-5.500000 -1.500000 151.945635
-5.500000 -2.000000 152.859322
-5.500000 -2.500000 152.931424
-5.500000 -3.000000 152.020874
-6.000000 -3.000000 156.515194
-6.000000 -3.500000 153.982948
-5.500000 -3.500000 150.055726
-5.500000 -4.000000 146.983738
-5.500000 -5.000000 136.268183
-5.500000 -4.500000 142.486288
-6.000000 -5.000000 136.920336
-6.000000 -4.500000 144.568022
-6.000000 -4.000000 150.116330
-6.500000 -4.000000 149.599751
-6.500000 -4.500000 142.675779
-6.500000 -5.000000 133.176252
-7.000000 -4.500000 135.270381
-7.000000 -5.000000 123.232795
-7.500000 -5.000000 104.575185
-7.500000 -4.500000 120.484501
-7.000000 -4.000000 144.240507
-7.500000 -4.000000 132.374590
-7.500000 -3.500000 141.027021
-7.000000 -3.500000 150.804579
-6.500000 -3.500000 154.595196
-6.500000 -3.000000 157.997988
-7.000000 -3.000000 155.399821
-7.500000 -3.000000 147.281811
-8.000000 -3.000000 131.432110
-8.500000 -3.000000 105.444220
-8.500000 -3.500000 93.349378
-8.000000 -3.500000 122.958651
-8.000000 -4.000000 111.033429
-8.000000 -5.000000 72.923027
-8.000000 -4.500000 94.945023
-8.500000 -5.000000 22.181545
-8.670707 -4.981851 0.141957
-8.701838 -4.927273 0.138399
-8.732625 -4.872501 0.134892
-8.500000 -4.500000 53.617409
-8.500000 -4.000000 76.554146
-9.000000 -4.000000 23.194945
-9.250772 -3.797791 0.077631
-9.226727 -3.855840 0.080219
-9.152412 -4.029064 0.088258
-9.202318 -3.913737 0.082852
-9.177546 -3.971479 0.085532
-9.126916 -4.086491 0.091030
-9.101060 -4.143756 0.093850
-9.074844 -4.200857 0.096716
-9.021340 -4.314560 0.102591
-8.994053 -4.371158 0.105600
-9.048271 -4.257793 0.099630
-8.966410 -4.427582 0.108658
-8.938414 -4.483832 0.111764
-8.910065 -4.539905 0.114919
-8.852313 -4.651511 0.121376
-8.881364 -4.595799 0.118123
-8.793163 -4.762382 0.128033
-8.822912 -4.707039 0.124680
-8.763067 -4.817537 0.131437
-9.470983 -3.209436 0.054224
-9.490961 -3.149865 0.052126
-9.450631 -3.268880 0.056366
-9.429905 -3.328195 0.058551
-9.408808 -3.387379 0.060780
-9.387339 -3.446429 0.063054
-9.297765 -3.681246 0.072592
-9.274452 -3.739592 0.075089
-9.320711 -3.622754 0.070140
-9.343289 -3.564119 0.067733
-9.365499 -3.505343 0.065371
-9.000000 -3.500000 47.492084
-9.000000 -3.000000 65.271501
-9.670015 -2.547707 0.033504
-9.653816 -2.608415 0.035175
-9.637237 -2.669020 0.036888
-9.620277 -2.729519 0.038644
-9.602937 -2.789911 0.040442
-9.510565 -3.090170 0.050071
-9.529793 -3.030353 0.048059
-9.500000 -3.000000 5.733965
-9.548645 -2.970416 0.046091
-9.567121 -2.910362 0.044165
-9.585218 -2.850193 0.042282
-9.745269 -2.242708 0.025772
-9.730985 -2.303894 0.027235
-9.716317 -2.364990 0.028740
-9.701266 -2.425992 0.030286
-9.685832 -2.486899 0.031874
-9.500000 -2.500000 24.943210
-9.500000 -2.000000 38.773368
-9.810905 -1.935495 0.019073
-9.798551 -1.997100 0.020331
-9.759168 -2.181432 0.024350
-9.772681 -2.120071 0.022969
-9.785809 -2.058626 0.021630
-9.845643 -1.750231 0.015544
-9.822873 -1.873813 0.017856
-9.834452 -1.812058 0.016680
-9.876883 -1.564345 0.012381
-9.866859 -1.626372 0.013395
-9.856446 -1.688334 0.014449
-9.886517 -1.502256 0.011407
-9.895761 -1.440108 0.010473
-9.913076 -1.315644 0.008727
-9.921147 -1.253332 0.007913
-9.904614 -1.377903 0.009580
-9.500000 -1.500000 48.270332
-9.000000 -1.500000 93.662330
-9.000000 -2.000000 87.560604
-9.000000 -2.500000 78.441022
-8.500000 -2.500000 114.206646
-8.500000 -2.000000 120.266254
-8.000000 -2.500000 137.451706
-8.000000 -2.000000 141.412977
-8.000000 -1.500000 143.688551
-8.500000 -1.500000 124.124500
-8.500000 -1.000000 126.163073
-8.000000 -1.000000 144.484391
-8.000000 -0.500000 143.996220
-8.500000 -0.500000 126.504913
-9.000000 -0.500000 98.762544
-9.000000 -1.000000 97.384084
-9.500000 -1.000000 54.350803
-9.928826 -1.190972 0.007140
-9.936113 -1.128564 0.006407
-9.943008 -1.066112 0.005714
-9.955620 -0.941083 0.004447
-9.949510 -1.003617 0.005061
-9.961336 -0.878512 0.003873
-9.966659 -0.815906 0.003339
-9.971589 -0.753268 0.002845
-9.976125 -0.690600 0.002390
-9.980267 -0.627905 0.001975
-9.984016 -0.565185 0.001600
-9.987370 -0.502443 0.001264
-9.990329 -0.439681 0.000967
-9.992895 -0.376902 0.000711
-9.995066 -0.314108 0.000494
-9.500000 -0.500000 57.451974
-9.996842 -0.251301 0.000316
-9.998224 -0.188484 0.000178
-9.999210 -0.125660 0.000079
-9.999803 -0.062831 0.000020
-10.000000 -0.000000 0.000000
-0.000000 10.000000 3.162278
-0.062831 9.999803 3.100008
-0.125660 9.999210 3.038863
-0.188484 9.998224 2.978845
-0.251301 9.996842 2.919951
-0.314108 9.995066 2.862179
-0.376902 9.992895 2.805526
-0.439681 9.990329 2.749988
-0.502443 9.987370 2.695557
-0.565185 9.984016 2.642227
-0.500000 9.500000 1.373556
-0.500000 9.000000 1.105822
-1.000000 9.000000 2.668707
-1.000000 9.500000 2.029279
-0.627905 9.980267 2.589988
-0.690600 9.976125 2.538832
-0.753268 9.971589 2.488749
-0.815906 9.966659 2.439725
-0.878512 9.961336 2.391749
-0.941083 9.955620 2.344807
-1.003617 9.949510 2.298885
-1.066112 9.943008 2.253969
-1.128564 9.936113 2.210042
-1.190972 9.928826 2.167089
-1.253332 9.921147 2.125093
-1.315644 9.913076 2.084037
-1.377903 9.904614 2.043903
-1.502256 9.886517 1.966331
-1.440108 9.895761 2.004674
-1.500000 9.500000 2.655561
-1.873813 9.822873 1.753866
-1.812058 9.834452 1.787275
-1.688334 9.856446 1.856440
-1.626372 9.866859 1.892233
-1.564345 9.876883 1.928857
-1.750231 9.845643 1.821460
-1.935495 9.810905 1.721215
-1.997100 9.798551 1.689303
-2.058626 9.785809 1.658113
-2.181432 9.759168 1.597824
-2.120071 9.772681 1.627626
-2.425992 9.701266 1.485132
-2.364990 9.716317 1.512362
-2.303894 9.730985 1.540210
-2.242708 9.745269 1.568692
-2.486899 9.685832 1.458503
-2.500000 9.500000 2.850233
-2.000000 9.500000 3.010441
-2.500000 9.000000 6.948780
-2.000000 9.000000 5.815471
-1.500000 9.000000 4.295782
-1.500000 8.500000 6.549870
-2.000000 8.500000 9.142929
-2.500000 8.500000 11.521448
-2.000000 8.000000 12.995620
-2.500000 8.000000 16.447112
-2.500000 7.500000 21.605999
-2.000000 7.500000 17.171241
-1.500000 8.000000 9.440115
-1.500000 7.500000 12.793063
-1.000000 7.500000 8.596905
-1.000000 8.000000 6.056253
-1.000000 8.500000 4.016436
-0.500000 8.500000 1.621668
-0.500000 8.000000 2.863163
-0.500000 7.500000 4.666445
-0.500000 7.000000 6.903473
-1.000000 7.000000 11.442269
-1.000000 6.500000 14.577871
-0.500000 6.500000 9.439809
-0.500000 6.000000 12.204560
-0.500000 5.000000 18.298254
-0.500000 5.500000 15.188303
-1.000000 5.000000 25.024789
-1.000000 5.500000 21.456703
-1.000000 6.000000 17.928415
-1.500000 6.000000 24.048301
-1.500000 5.500000 28.122380
-1.500000 5.000000 32.168381
-2.000000 5.500000 35.109607
-2.000000 5.000000 39.673625
-2.500000 5.000000 47.496383
-2.500000 5.500000 42.427385
-2.000000 6.000000 30.530043
-2.500000 6.000000 37.297794
-2.500000 6.500000 32.052715
-2.000000 6.500000 25.997145
-1.500000 6.500000 20.109316
-1.500000 7.000000 16.340776
-2.000000 7.000000 21.505454
-2.500000 7.000000 26.791146
-3.000000 7.000000 32.010013
-3.500000 7.000000 37.019422
-3.500000 6.500000 44.031139
-3.000000 6.500000 38.155342
-3.000000 6.000000 44.084711
-3.000000 5.000000 55.457450
-3.000000 5.500000 49.855536
-3.500000 5.000000 63.393070
-3.500000 5.500000 57.248951
-3.500000 6.000000 50.795980
-4.000000 6.000000 57.053062
-4.000000 5.500000 64.261798
-4.000000 5.000000 71.070906
-4.500000 5.500000 70.720330
-4.500000 5.000000 78.196923
-5.000000 5.000000 84.482070
-5.000000 5.500000 76.310556
-4.500000 6.000000 62.720551
-5.000000 6.000000 67.344141
-5.000000 6.500000 57.675012
-4.500000 6.500000 54.191412
-4.000000 6.500000 49.466293
-4.000000 7.000000 41.478842
-4.500000 7.000000 44.957884
-5.000000 7.000000 46.955659
-5.000000 7.500000 34.973430
-4.500000 7.500000 35.013824
-4.500000 8.000000 24.074066
-5.000000 8.000000 21.529360
-5.000000 8.500000 6.257813
-4.981851 8.670707 0.704708
-4.927273 8.701838 0.716327
-4.872501 8.732625 0.728136
-4.500000 8.500000 12.140613
-4.000000 8.500000 14.542075
-4.000000 8.000000 24.061173
-4.000000 7.500000 33.038698
-3.500000 7.500000 29.754722
-3.500000 8.000000 22.282310
-3.000000 7.500000 25.825294
-3.000000 8.000000 19.605463
-3.000000 8.500000 13.443064
-3.500000 8.500000 14.636950
-3.500000 9.000000 6.899108
-3.739592 9.274452 1.012891
-3.681246 9.297765 1.030061
-3.622754 9.320711 1.047569
-3.564119 9.343289 1.065422
-3.505343 9.365499 1.083631
-3.000000 9.000000 7.449240
-3.000000 9.500000 1.739225
-3.030353 9.529793 1.243373
-3.090170 9.510565 1.221933
-2.970416 9.548645 1.265270
-2.910362 9.567121 1.287636
-2.850193 9.585218 1.310485
-2.547707 9.670015 1.432460
-2.608415 9.653816 1.406986
-2.729519 9.620277 1.357686
-2.669020 9.637237 1.382066
-2.789911 9.602937 1.333830
-3.149865 9.490961 1.200938
-3.268880 9.450631 1.160230
-3.209436 9.470983 1.180374
-3.328195 9.429905 1.140495
-3.387379 9.408808 1.121158
-3.446429 9.387339 1.102206
-3.797791 9.250772 0.996048
-3.855840 9.226727 0.979525
-3.913737 9.202318 0.963312
-3.971479 9.177546 0.947401
-4.029064 9.152412 0.931785
-4.000000 9.000000 4.496643
-4.257793 9.048271 0.872112
-4.314560 9.021340 0.857856
-4.371158 8.994053 0.843851
-4.200857 9.074844 0.886626
-4.143756 9.101060 0.901404
-4.086491 9.126916 0.916455
-4.483832 8.938414 0.816571
-4.427582 8.966410 0.830092
-4.595799 8.881364 0.790223
-4.651511 8.852313 0.777384
-4.539905 8.910065 0.803284
-4.707039 8.822912 0.764761
-4.762382 8.793163 0.752349
-4.817537 8.763067 0.740142
-5.090414 8.607420 0.682028
-5.036232 8.639234 0.693277
-5.144395 8.575267 0.670957
-5.198173 8.542774 0.660061
-5.251746 8.509945 0.649335
-5.305112 8.476779 0.638775
-5.358268 8.443279 0.628378
-5.463943 8.375280 0.608059
-5.411213 8.409446 0.618141
-5.568756 8.305959 0.588349
-5.516459 8.340784 0.598129
-5.620834 8.270806 0.578714
-5.500000 7.500000 31.742543
-5.500000 8.000000 14.644654
-5.877853 8.090170 0.532626
-5.928568 8.053079 0.523806
-6.000000 7.500000 23.107567
-6.227878 7.823908 0.473452
-6.178596 7.862884 0.481550
-6.129071 7.901550 0.489763
-6.079303 7.939904 0.498093
-6.029295 7.977944 0.506541
-5.979050 8.015670 0.515112
-5.826905 8.126942 0.541575
-5.775727 8.163393 0.550656
-5.724321 8.199521 0.559871
-5.672689 8.235326 0.569223
-6.276914 7.784623 0.465466
-6.325702 7.745031 0.457590
-6.374240 7.705132 0.449823
-6.470560 7.624425 0.434607
-6.500000 7.500000 6.199334
-6.518337 7.583619 0.427154
-6.422527 7.664930 0.442163
-6.565858 7.542514 0.419802
-6.613119 7.501111 0.412549
-7.501111 6.613119 0.286058
-7.542514 6.565858 0.280565
-7.583619 6.518337 0.275144
-7.624425 6.470560 0.269793
-7.705132 6.374240 0.259298
-7.745031 6.325702 0.254154
-7.784623 6.276914 0.249076
-7.664930 6.422527 0.264511
-8.639234 5.036232 0.145567
-8.607420 5.090414 0.149230
-8.542774 5.198173 0.156714
-8.509945 5.251746 0.160536
-8.476779 5.305112 0.164413
-8.575267 5.144395 0.152945
-8.500000 5.000000 16.272103
-8.409446 5.411213 0.172331
-8.375280 5.463943 0.176374
-8.270806 5.620834 0.188840
-8.305959 5.568756 0.184628
-8.340784 5.516459 0.180472
-8.443279 5.358268 0.168345
-8.126942 5.826905 0.206273
-8.235326 5.672689 0.193110
-8.199521 5.724321 0.197439
-8.163393 5.775727 0.201826
-8.090170 5.877853 0.210780
-8.053079 5.928568 0.215347
-8.015670 5.979050 0.219976
-7.977944 6.029295 0.224667
-7.901550 6.129071 0.234238
-7.862884 6.178596 0.239119
-7.823908 6.227878 0.244065
-7.939904 6.079303 0.229421
-8.000000 5.500000 29.731923
-8.000000 5.000000 52.692027
-7.500000 5.000000 74.391105
-7.500000 5.500000 56.886990
-7.000000 5.500000 72.133575
-7.000000 5.000000 86.197529
-6.500000 5.000000 91.351519
-6.500000 5.500000 79.547830
-6.500000 6.000000 65.889362
-7.000000 6.000000 55.382534
-7.500000 6.000000 35.335409
-7.500000 6.500000 7.927416
-7.000000 6.500000 34.982568
-7.289686 6.845471 0.314627
-7.332553 6.799534 0.308762
-7.417418 6.706856 0.297262
-7.459411 6.660119 0.291623
-7.375131 6.753328 0.302974
-7.246531 6.891138 0.320568
-7.203090 6.936533 0.326588
-6.936533 7.203090 0.364422
-6.891138 7.246531 0.371025
-7.026500 7.115357 0.351476
-6.981654 7.159365 0.357906
-7.071068 7.071068 0.345131
-7.115357 7.026500 0.338868
-7.159365 6.981654 0.332688
-7.000000 7.000000 9.200637
-6.799534 7.332553 0.384497
-6.845471 7.289686 0.377716
-6.753328 7.375131 0.391369
-6.706856 7.417418 0.398334
-6.660119 7.459411 0.405394
-6.500000 7.000000 30.330973
-6.500000 6.500000 49.818391
-6.000000 6.500000 56.912934
-6.000000 7.000000 41.387020
-5.500000 7.000000 46.278143
-5.500000 6.500000 58.960032
-5.500000 6.000000 70.121113
-6.000000 6.000000 70.148011
-6.000000 5.500000 81.724179
-6.000000 5.000000 91.925598
-5.500000 5.000000 89.300214
-5.500000 5.500000 80.243317
-5.500000 4.500000 97.423147
-6.000000 4.500000 100.932223
-6.000000 4.000000 109.137572
-5.500000 4.000000 104.818500
-5.500000 3.500000 111.660205
-5.500000 2.500000 123.797049
-5.500000 3.000000 117.978654
-6.000000 2.500000 129.437442
-6.000000 3.000000 123.315845
-6.000000 3.500000 116.557070
-6.500000 3.500000 118.710097
-6.500000 3.000000 126.050196
-6.500000 2.500000 132.645312
-7.000000 3.000000 125.411059
-7.000000 2.500000 132.515339
-7.500000 2.500000 128.010644
-7.500000 3.000000 120.277765
-7.000000 3.500000 117.388278
-7.500000 3.500000 111.284993
-7.500000 4.000000 100.819466
-7.000000 4.000000 108.344642
-6.500000 4.000000 110.609558
-6.500000 4.500000 101.532604
-7.000000 4.500000 98.037350
-7.500000 4.500000 88.743982
-8.000000 4.500000 70.833905
-8.000000 4.000000 85.767784
-8.500000 4.000000 59.816061
-8.500000 4.500000 40.622581
-8.732625 4.872501 0.134892
-8.670707 4.981851 0.141957
-8.701838 4.927273 0.138399
-8.763067 4.817537 0.131437
-8.793163 4.762382 0.128033
-8.822912 4.707039 0.124680
-8.852313 4.651511 0.121376
-8.881364 4.595799 0.118123
-8.938414 4.483832 0.111764
-8.966410 4.427582 0.108658
-8.910065 4.539905 0.114919
-9.226727 3.855840 0.080219
-9.250772 3.797791 0.077631
-9.202318 3.913737 0.082852
-9.177546 3.971479 0.085532
-9.152412 4.029064 0.088258
-9.074844 4.200857 0.096716
-9.101060 4.143756 0.093850
-9.126916 4.086491 0.091030
-9.048271 4.257793 0.099630
-8.994053 4.371158 0.105600
-9.021340 4.314560 0.102591
-9.000000 4.000000 18.327126
-9.000000 3.500000 38.710607
-9.365499 3.505343 0.065371
-9.343289 3.564119 0.067733
-9.274452 3.739592 0.075089
-9.320711 3.622754 0.070140
-9.297765 3.681246 0.072592
-9.387339 3.446429 0.063054
-9.408808 3.387379 0.060780
-9.429905 3.328195 0.058551
-9.450631 3.268880 0.056366
-9.470983 3.209436 0.054224
-9.490961 3.149865 0.052126
-9.510565 3.090170 0.050071
-9.529793 3.030353 0.048059
-9.500000 3.000000 4.835783
-9.567121 2.910362 0.044165
-9.585218 2.850193 0.042282
-9.548645 2.970416 0.046091
-9.670015 2.547707 0.033504
-9.653816 2.608415 0.035175
-9.637237 2.669020 0.036888
-9.620277 2.729519 0.038644
-9.602937 2.789911 0.040442
-9.500000 2.500000 21.707020
-9.000000 3.000000 54.900282
-9.000000 2.500000 67.872445
-8.500000 2.500000 98.246531
-8.500000 3.000000 87.858718
-8.500000 3.500000 75.145177
-8.000000 3.500000 98.147047
-8.000000 3.000000 108.574643
-8.000000 2.500000 117.332193
-8.000000 2.000000 124.594558
-8.000000 1.500000 130.622992
-8.500000 1.500000 113.535607
-8.500000 2.000000 106.659776
-9.000000 2.000000 78.031181
-9.685832 2.486899 0.031874
-9.701266 2.425992 0.030286
-9.716317 2.364990 0.028740
-9.730985 2.303894 0.027235
-9.745269 2.242708 0.025772
-9.759168 2.181432 0.024350
-9.785809 2.058626 0.021630
-9.772681 2.120071 0.022969
-9.810905 1.935495 0.019073
-9.798551 1.997100 0.020331
-9.500000 2.000000 34.775613
-9.834452 1.812058 0.016680
-9.822873 1.873813 0.017856
-9.845643 1.750231 0.015544
-9.856446 1.688334 0.014449
-9.866859 1.626372 0.013395
-9.876883 1.564345 0.012381
-9.886517 1.502256 0.011407
-9.895761 1.440108 0.010473
-9.904614 1.377903 0.009580
-9.921147 1.253332 0.007913
-9.913076 1.315644 0.008727
-9.500000 1.500000 44.591544
-9.000000 1.500000 85.929008
-9.000000 1.000000 92.002670
-9.500000 1.000000 51.636709
-9.928826 1.190972 0.007140
-9.936113 1.128564 0.006407
-9.943008 1.066112 0.005714
-9.949510 1.003617 0.005061
-9.955620 0.941083 0.004447
-9.961336 0.878512 0.003873
-9.966659 0.815906 0.003339
-9.971589 0.753268 0.002845
-9.976125 0.690600 0.002390
-9.980267 0.627905 0.001975
-9.500000 0.500000 56.037231
-9.984016 0.565185 0.001600
-9.987370 0.502443 0.001264
-9.990329 0.439681 0.000967
-9.992895 0.376902 0.000711
-9.995066 0.314108 0.000494
-9.996842 0.251301 0.000316
-9.998224 0.188484 0.000178
-9.999210 0.125660 0.000079
-9.999803 0.062831 0.000020
-9.500000 0.000000 58.008653
-9.000000 0.500000 96.131271
-9.000000 0.000000 98.406845
-8.500000 0.000000 125.431224
-8.500000 0.500000 122.875108
-8.500000 1.000000 118.904528
-8.000000 1.000000 135.672908
-8.000000 0.500000 139.599202
-8.000000 0.000000 142.407867
-7.500000 0.000000 151.839842
-7.500000 0.500000 148.772162
-7.000000 0.500000 152.427459
-7.000000 0.000000 155.588145
-6.500000 0.000000 155.019562
-6.500000 0.500000 151.859594
-6.500000 1.000000 148.017128
-7.000000 1.000000 148.522867
-7.500000 1.000000 144.860216
-7.500000 1.500000 140.112222
-7.000000 1.500000 143.959354
-7.500000 2.000000 134.554805
-7.000000 2.000000 138.601995
-6.500000 2.000000 138.413515
-6.500000 1.500000 143.499660
-6.000000 1.500000 139.944351
-6.000000 2.000000 134.972448
-5.500000 2.000000 129.135435
-5.500000 1.500000 133.945571
-5.500000 1.000000 138.210265
-6.000000 1.000000 144.323916
-6.000000 0.500000 148.090970
-6.000000 0.000000 151.291841
-5.500000 0.000000 145.220503
-5.500000 0.500000 141.928835
-5.000000 0.000000 137.384551
-4.500000 0.000000 128.440292
-4.500000 0.500000 125.216435
-5.000000 0.500000 134.122566
-5.000000 1.000000 130.435336
-4.500000 1.000000 121.542397
-4.000000 1.000000 111.918093
-4.000000 0.500000 115.525434
-4.000000 0.000000 118.695345
-3.500000 0.000000 108.491828
-3.500000 0.500000 105.396380
-3.000000 0.000000 98.073096
-3.000000 0.500000 95.081000
-3.000000 1.000000 91.741518
-3.500000 1.000000 101.900973
-3.500000 1.500000 98.115516
-3.000000 1.500000 88.093742
-3.000000 2.000000 84.145230
-3.500000 2.000000 93.998541
-4.000000 2.000000 103.721032
-4.000000 1.500000 107.994971
-4.500000 1.500000 117.467998
-5.000000 1.500000 126.294851
-5.000000 2.000000 121.619583
-4.500000 2.000000 113.010545
-5.000000 2.500000 116.575411
-5.000000 3.000000 111.026310
-4.500000 3.000000 102.959653
-4.500000 2.500000 108.214320
-4.000000 2.500000 99.139301
-4.000000 3.000000 94.196320
-4.000000 3.500000 88.922025
-4.500000 3.500000 97.366205
-5.000000 3.500000 105.083109
-5.000000 4.000000 98.721156
-4.500000 4.000000 91.439426
-5.000000 4.500000 91.908301
-4.500000 4.500000 85.070892
-4.000000 4.500000 77.399064
-4.000000 4.000000 83.330115
-3.500000 4.000000 74.720984
-3.500000 4.500000 69.161503
-3.000000 4.500000 60.760714
-3.000000 4.000000 65.838996
-3.000000 3.500000 70.748431
-3.500000 3.500000 79.978855
-3.500000 3.000000 84.960555
-3.500000 2.500000 89.627811
-3.000000 2.500000 79.916338
-3.000000 3.000000 75.477082
-2.500000 2.500000 70.279181
-2.500000 3.000000 66.040893
-2.000000 3.000000 56.772703
-2.000000 2.500000 60.801632
-1.500000 2.500000 51.594575
-1.500000 3.000000 47.835331
-1.500000 3.500000 44.022650
-2.000000 3.500000 52.641842
-2.500000 3.500000 61.592269
-2.500000 4.000000 57.026395
-2.000000 4.000000 48.427979
-2.500000 4.500000 52.349020
-2.000000 4.500000 44.102683
-1.500000 4.500000 36.132261
-1.500000 4.000000 40.097183
-1.000000 4.000000 32.209571
-1.000000 4.500000 28.589814
-0.500000 4.500000 21.482884
-0.500000 4.000000 24.723045
-0.500000 3.500000 27.975124
-1.000000 3.500000 35.793243
-1.000000 3.000000 39.308979
-1.000000 2.500000 42.761695
-0.500000 2.500000 34.371793
-0.500000 3.000000 31.217438
-0.500000 2.000000 37.457464
-0.500000 1.500000 40.457875
-1.000000 1.500000 49.278004
-1.000000 2.000000 46.072316
-1.500000 2.000000 55.163286
-2.500000 2.000000 74.296293
-2.000000 2.000000 64.604517
-2.500000 1.500000 78.075347
-2.000000 1.500000 68.181819
-1.500000 1.500000 58.545423
-1.500000 1.000000 61.698859
-2.000000 1.000000 71.505270
-2.500000 1.000000 81.567686
-2.000000 0.500000 74.551706
-2.500000 0.500000 84.762465
-2.500000 0.000000 87.635898
-2.000000 0.000000 77.325051
-1.500000 0.500000 64.620096
-1.500000 0.000000 67.345396
-1.000000 0.000000 57.742208
-1.000000 0.500000 55.117795
-1.000000 1.000000 52.291289
-0.500000 1.000000 43.347590
-0.500000 0.500000 46.066052
-0.500000 0.000000 48.594847
0.000000 0.000000 40.015279
0.500000 0.000000 32.011372
0.500000 0.500000 29.666550
0.000000 0.500000 37.547361
0.000000 1.000000 34.945762
0.500000 1.000000 27.187362
1.000000 1.000000 20.088721
1.000000 0.500000 22.411718
1.000000 0.000000 24.645001
1.500000 0.000000 17.913887
1.500000 0.500000 15.799992
2.000000 0.000000 11.856289
2.000000 0.500000 9.904573
2.000000 1.000000 7.910116
1.500000 1.000000 13.648101
1.500000 1.500000 11.456733
2.000000 1.500000 5.886765
2.000000 2.000000 3.901677
1.500000 2.000000 9.260837
1.000000 2.000000 15.321396
1.000000 1.500000 17.718568
0.500000 1.500000 24.642563
0.000000 1.500000 32.231551
0.000000 2.000000 29.435980
0.500000 2.000000 22.051926
0.000000 2.500000 26.584096
0.000000 3.000000 23.682291
0.500000 3.000000 16.809187
0.500000 2.500000 19.452511
1.000000 2.500000 12.955265
1.000000 3.000000 10.584182
1.000000 3.500000 8.249844
0.500000 3.500000 14.171047
0.000000 3.500000 20.751280
0.000000 4.000000 17.836635
0.500000 4.000000 11.599083
0.000000 4.500000 14.961705
0.500000 4.500000 9.076312
1.000000 4.500000 3.809933
1.000000 4.000000 5.984386
1.500000 4.000000 1.014643
1.500000 4.500000 -0.819851
2.000000 4.500000 -4.801337
2.000000 4.000000 -3.318549
2.000000 3.500000 -1.681792
1.500000 3.500000 2.965185
1.500000 3.000000 5.000273
1.500000 2.500000 7.114527
2.000000 2.500000 1.947694
2.000000 3.000000 0.070839
2.500000 2.500000 -2.472974
2.500000 3.000000 -4.129748
3.000000 3.000000 -7.591677
3.000000 2.500000 -6.187003
3.500000 2.500000 -9.193057
3.500000 3.000000 -10.324775
3.500000 3.500000 -11.269481
3.000000 3.500000 -8.827955
2.500000 3.500000 -5.631505
2.500000 4.000000 -6.960548
3.000000 4.000000 -9.855212
2.500000 4.500000 -8.076574
3.000000 4.500000 -10.642648
3.500000 4.500000 -12.463835
3.500000 4.000000 -11.990911
4.000000 4.000000 -13.403491
4.000000 4.500000 -13.545050
4.500000 4.500000 -13.897947
4.500000 4.000000 -14.104020
4.500000 3.500000 -13.998597
4.000000 3.500000 -12.996498
4.000000 3.000000 -12.337887
4.000000 2.500000 -11.463837
4.500000 2.500000 -13.005883
4.500000 3.000000 -13.621298
4.500000 2.000000 -12.184048
4.500000 1.500000 -11.205057
4.000000 1.500000 -9.254067
4.000000 2.000000 -10.434236
3.500000 2.000000 -7.917755
2.500000 2.000000 -0.761306
3.000000 2.000000 -4.685516
2.500000 1.500000 1.049150
3.000000 1.500000 -3.097416
3.500000 1.500000 -6.538525
3.500000 1.000000 -5.089540
3.000000 1.000000 -1.460090
2.500000 1.000000 2.879667
3.000000 0.500000 0.198925
2.500000 0.500000 4.707969
2.500000 0.000000 6.515223
3.000000 0.000000 1.872731
3.500000 0.500000 -3.581161
3.500000 0.000000 -2.036513
4.000000 0.000000 -5.195567
4.000000 0.500000 -6.614876
4.000000 1.000000 -7.973458
4.500000 1.000000 -10.093843
4.500000 0.500000 -8.889807
4.500000 0.000000 -7.595887
5.000000 0.000000 -9.235505
5.000000 0.500000 -10.399537
5.500000 0.500000 -11.122523
5.500000 0.000000 -10.070744
6.000000 0.000000 -10.103834
6.000000 0.500000 -11.018899
6.000000 1.000000 -11.754813
5.500000 1.000000 -12.024243
5.000000 1.000000 -11.460635
5.000000 1.500000 -12.388084
5.500000 1.500000 -12.760860
5.000000 2.000000 -13.165983
5.500000 2.000000 -13.332408
6.000000 2.000000 -12.694681
6.000000 1.500000 -12.330879
6.500000 1.500000 -11.059609
6.500000 2.000000 -11.234098
7.000000 2.000000 -8.968426
7.000000 1.500000 -8.998084
7.000000 1.000000 -8.784047
6.500000 1.000000 -10.667333
6.500000 0.500000 -10.085881
6.500000 0.000000 -9.310515
7.000000 0.000000 -7.699175
7.000000 0.500000 -8.355920
7.500000 0.000000 -5.245968
8.000000 0.000000 -1.939306
8.000000 0.500000 -2.338726
7.500000 0.500000 -5.779357
7.500000 1.000000 -6.067440
8.000000 1.000000 -2.491692
8.500000 1.000000 1.958804
8.500000 0.500000 1.953087
8.500000 0.000000 2.215232
9.000000 0.000000 7.244917
9.000000 0.500000 7.112894
9.500000 0.000000 13.178186
9.999803 0.062831 19.999625
9.999210 0.125660 19.998500
9.998224 0.188484 19.996625
9.996842 0.251301 19.994000
9.995066 0.314108 19.990625
9.992895 0.376902 19.986500
9.990329 0.439681 19.981626
9.987370 0.502443 19.976003
9.984016 0.565185 19.969631
9.500000 0.500000 13.187145
9.980267 0.627905 19.962510
9.976125 0.690600 19.954640
9.971589 0.753268 19.946023
9.966659 0.815906 19.936658
9.961336 0.878512 19.926545
9.955620 0.941083 19.915686
9.949510 1.003617 19.904081
9.943008 1.066112 19.891730
9.936113 1.128564 19.878633
9.928826 1.190972 19.864792
9.500000 1.000000 13.526193
9.000000 1.000000 7.287368
9.000000 1.500000 7.794197
9.500000 1.500000 14.211015
9.913076 1.315644 19.834879
9.921147 1.253332 19.850208
9.904614 1.377903 19.818808
9.895761 1.440108 19.801996
9.886517 1.502256 19.784442
9.876883 1.564345 19.766147
9.866859 1.626372 19.747114
9.856446 1.688334 19.727341
9.845643 1.750231 19.706831
9.822873 1.873813 19.663601
9.834452 1.812058 19.685584
9.500000 2.000000 15.257894
9.798551 1.997100 19.617432
9.810905 1.935495 19.640884
9.772681 2.120071 19.568332
9.785809 2.058626 19.593248
9.759168 2.181432 19.542685
9.745269 2.242708 19.516309
9.730985 2.303894 19.489205
9.716317 2.364990 19.461375
9.701266 2.425992 19.432818
9.685832 2.486899 19.403537
9.000000 2.000000 8.630308
8.500000 2.000000 2.916926
8.500000 1.500000 2.290332
8.000000 1.500000 -2.352614
7.500000 1.500000 -6.109421
7.500000 2.000000 -5.864449
8.000000 2.000000 -1.909155
7.500000 2.500000 -5.289636
8.000000 2.500000 -1.119351
8.000000 3.000000 0.008971
7.500000 3.000000 -4.409880
7.500000 3.500000 -3.155494
8.000000 3.500000 1.511330
8.500000 3.500000 7.063481
8.500000 3.000000 5.283638
8.500000 2.500000 3.910729
9.000000 2.500000 9.845896
9.000000 3.000000 11.468054
9.500000 2.500000 16.696668
9.602937 2.789911 19.246316
9.620277 2.729519 19.279198
9.637237 2.669020 19.311362
9.653816 2.608415 19.342808
9.670015 2.547707 19.373533
9.548645 2.970416 19.143382
9.585218 2.850193 19.212718
9.567121 2.910362 19.178406
9.500000 3.000000 18.536557
9.529793 3.030353 19.107646
9.510565 3.090170 19.071201
9.490961 3.149865 19.034049
9.470983 3.209436 18.996190
9.450631 3.268880 18.957627
9.429905 3.328195 18.918362
9.408808 3.387379 18.878396
9.387339 3.446429 18.837731
9.297765 3.681246 18.668122
9.320711 3.622754 18.711563
9.274452 3.739592 18.623992
9.343289 3.564119 18.754312
9.365499 3.505343 18.796369
9.000000 3.500000 13.514519
9.000000 4.000000 16.014775
9.021340 4.314560 18.145270
8.994053 4.371158 18.093705
9.048271 4.257793 18.196171
9.126916 4.086491 18.344862
9.101060 4.143756 18.295969
9.074844 4.200857 18.246405
9.152412 4.029064 18.393081
9.177546 3.971479 18.440625
9.202318 3.913737 18.487489
9.250772 3.797791 18.579175
9.226727 3.855840 18.533674
8.910065 4.539905 17.935049
8.966410 4.427582 18.041479
8.938414 4.483832 17.988592
8.881364 4.595799 17.880852
8.852313 4.651511 17.826003
8.822912 4.707039 17.770504
8.793163 4.762382 17.714360
8.763067 4.817537 17.657571
8.701838 4.927273 17.542074
8.670707 4.981851 17.483371
8.732625 4.872501 17.600142
8.500000 4.500000 12.001857
8.500000 4.000000 9.297003
8.000000 4.000000 3.442265
7.500000 4.000000 -1.524973
7.500000 4.500000 0.556412
8.000000 4.500000 5.838518
7.000000 4.500000 -3.865096
6.500000 4.500000 -7.470045
6.500000 4.000000 -8.922957
7.000000 4.000000 -5.627763
7.000000 3.500000 -6.998979
7.000000 2.500000 -8.630770
7.000000 3.000000 -7.988606
6.500000 2.500000 -11.128996
6.500000 3.000000 -10.736265
6.500000 3.500000 -10.011183
6.000000 3.500000 -12.209255
6.000000 3.000000 -12.644644
6.000000 2.500000 -12.802112
5.500000 3.000000 -13.775401
5.500000 2.500000 -13.661235
5.000000 2.500000 -13.744562
5.000000 3.000000 -14.103421
5.500000 3.500000 -13.588011
5.000000 3.500000 -14.200670
5.000000 4.000000 -14.008183
5.500000 4.000000 -13.114478
6.000000 4.000000 -11.421696
6.000000 4.500000 -10.261200
5.500000 4.500000 -12.265655
5.000000 4.500000 -13.472462
5.000000 5.000000 -12.536487
5.000000 5.500000 -11.217570
5.500000 5.500000 -9.323632
5.500000 5.000000 -10.998985
6.000000 5.000000 -8.667329
6.000000 5.500000 -6.623719
6.000000 6.000000 -4.071928
5.500000 6.000000 -7.143370
5.000000 6.000000 -9.404221
5.000000 6.500000 -7.073343
5.500000 6.500000 -4.406106
5.000000 7.000000 -4.171432
5.500000 7.000000 -1.076223
6.000000 7.000000 2.802938
6.000000 6.500000 -0.962351
6.500000 6.500000 3.292176
6.500000 7.000000 7.486264
6.660119 7.459411 13.725631
6.706856 7.417418 13.812046
6.753328 7.375131 13.898025
6.845471 7.289686 14.068658
6.799534 7.332553 13.983564
7.000000 7.000000 12.926948
7.159365 6.981654 14.651418
7.115357 7.026500 14.569582
7.071068 7.071068 14.487266
6.981654 7.159365 14.321215
7.026500 7.115357 14.404476
6.891138 7.246531 14.153301
6.936533 7.203090 14.237488
7.203090 6.936533 14.732769
7.246531 6.891138 14.813631
7.375131 6.753328 15.053237
7.459411 6.660119 15.210446
7.417418 6.706856 15.132097
7.332553 6.799534 14.973869
7.289686 6.845471 14.893999
7.000000 6.500000 8.361920
7.000000 6.000000 4.449362
6.500000 6.000000 -0.214019
6.500000 5.500000 -3.143110
6.500000 5.000000 -5.545936
7.000000 5.000000 -1.626412
7.000000 5.500000 1.138142
7.500000 5.000000 3.135225
8.000000 5.000000 8.749703
8.000000 5.500000 12.203718
7.500000 5.500000 6.238415
7.500000 6.000000 9.933283
7.939904 6.079303 16.109229
7.823908 6.227878 15.891881
7.862884 6.178596 15.964887
7.901550 6.129071 16.037338
7.977944 6.029295 16.180556
8.015670 5.979050 16.251316
8.053079 5.928568 16.321505
8.090170 5.877853 16.391120
8.163393 5.775727 16.528611
8.199521 5.724321 16.596481
8.235326 5.672689 16.663762
8.126942 5.826905 16.460156
8.443279 5.358268 17.054903
8.340784 5.516459 16.862041
8.305959 5.568756 16.796546
8.270806 5.620834 16.730451
8.375280 5.463943 16.926935
8.409446 5.411213 16.991223
8.500000 5.000000 15.212923
8.575267 5.144395 17.303478
8.476779 5.305112 17.117972
8.509945 5.251746 17.180426
8.542774 5.198173 17.242262
8.607420 5.090414 17.364070
8.639234 5.036232 17.424035
7.664930 6.422527 15.594371
7.784623 6.276914 15.818322
7.745031 6.325702 15.744215
7.705132 6.374240 15.669563
7.624425 6.470560 15.518643
7.583619 6.518337 15.442382
7.500000 6.500000 14.206848
7.542514 6.565858 15.365593
7.501111 6.613119 15.288279
6.613119 7.501111 13.638786
6.565858 7.542514 13.551517
6.422527 7.664930 13.287216
6.518337 7.583619 13.463828
6.500000 7.500000 12.362020
6.470560 7.624425 13.375726
6.374240 7.705132 13.198303
6.325702 7.745031 13.108994
6.276914 7.784623 13.019293
5.672689 8.235326 11.914601
5.724321 8.199521 12.008513
5.775727 8.163393 12.102110
5.826905 8.126942 12.195385
5.979050 8.015670 12.473211
6.029295 7.977944 12.565132
6.079303 7.939904 12.656699
6.129071 7.901550 12.747904
6.178596 7.862884 12.838742
6.227878 7.823908 12.929207
6.000000 7.500000 7.301682
5.928568 8.053079 12.380942
5.877853 8.090170 12.288331
5.500000 8.000000 7.768132
5.500000 7.500000 2.971011
5.000000 7.500000 -0.564959
5.000000 8.000000 3.772250
5.620834 8.270806 11.820382
5.516459 8.340784 11.631047
5.568756 8.305959 11.725861
5.411213 8.409446 11.440566
5.463943 8.375280 11.535946
5.358268 8.443279 11.344914
5.305112 8.476779 11.248999
5.251746 8.509945 11.152827
5.198173 8.542774 11.056407
5.144395 8.575267 10.959748
5.000000 8.500000 8.867858
5.036232 8.639234 10.765741
5.090414 8.607420 10.862856
4.817537 8.763067 10.375216
4.762382 8.793163 10.277113
4.707039 8.822912 10.178840
4.539905 8.910065 9.883094
4.651511 8.852313 10.080405
4.595799 8.881364 9.981820
4.427582 8.966410 9.685256
4.483832 8.938414 9.784236
4.086491 9.126916 9.089436
4.143756 9.101060 9.188916
4.200857 9.074844 9.288340
4.371158 8.994053 9.586167
4.314560 9.021340 9.486977
4.257793 9.048271 9.387697
4.000000 9.000000 7.051056
4.029064 9.152412 8.989913
3.971479 9.177546 8.890359
3.913737 9.202318 8.790785
3.855840 9.226727 8.691205
3.797791 9.250772 8.591630
3.446429 9.387339 7.995065
3.387379 9.408808 7.895916
3.328195 9.429905 7.796886
3.209436 9.470983 7.599246
3.268880 9.450631 7.697991
3.149865 9.490961 7.500668
2.789911 9.602937 6.913652
2.669020 9.637237 6.720106
2.729519 9.620277 6.816725
2.608415 9.653816 6.623816
2.547707 9.670015 6.527874
2.500000 9.500000 4.562522
2.850193 9.585218 7.010870
2.910362 9.567121 7.108359
2.970416 9.548645 7.206101
3.090170 9.510565 7.402273
3.030353 9.529793 7.304079
3.000000 9.500000 6.811527
2.500000 9.000000 0.104328
3.000000 9.000000 1.848272
3.505343 9.365499 8.094318
3.564119 9.343289 8.193660
3.622754 9.320711 8.293076
3.681246 9.297765 8.392552
3.739592 9.274452 8.492075
3.500000 9.000000 4.141720
3.500000 8.500000 -0.448040
3.000000 8.500000 -2.202594
2.500000 8.500000 -3.354477
3.000000 8.000000 -5.315964
2.500000 8.000000 -5.922680
2.500000 7.500000 -7.721364
3.000000 7.500000 -7.649419
3.500000 8.000000 -4.092858
3.500000 7.500000 -6.927431
4.000000 7.500000 -5.518045
4.000000 8.000000 -2.160341
4.000000 8.500000 1.988389
4.500000 8.500000 5.122503
4.872501 8.732625 10.473139
4.927273 8.701838 10.570873
4.981851 8.670707 10.668410
4.500000 8.000000 0.464570
4.500000 7.500000 -3.389945
4.500000 7.000000 -6.541493
4.000000 7.000000 -8.198141
4.000000 6.500000 -10.244950
4.500000 6.500000 -9.015428
4.500000 6.000000 -10.946508
4.500000 5.000000 -13.322995
4.500000 5.500000 -12.362841
4.000000 5.000000 -13.337158
4.000000 5.500000 -12.758187
4.000000 6.000000 -11.743059
3.500000 6.000000 -11.800302
3.500000 5.500000 -12.385517
3.500000 5.000000 -12.601657
3.000000 5.500000 -11.320026
3.000000 5.000000 -11.137331
2.500000 5.000000 -8.942313
2.500000 5.500000 -9.518638
3.000000 6.000000 -11.111507
2.500000 6.000000 -9.756996
2.500000 6.500000 -9.579505
3.000000 6.500000 -10.499845
3.500000 6.500000 -10.740694
3.500000 7.000000 -9.136243
3.000000 7.000000 -9.367091
2.500000 7.000000 -8.914273
2.000000 7.000000 -7.848728
1.500000 7.000000 -6.087877
1.500000 6.500000 -5.711042
2.000000 6.500000 -7.992214
2.000000 6.000000 -7.681162
2.000000 5.000000 -6.036569
2.000000 5.500000 -7.009556
1.500000 5.000000 -2.439089
1.500000 5.500000 -3.803075
1.500000 6.000000 -4.917468
1.000000 6.000000 -1.564786
1.000000 5.500000 0.018540
1.000000 5.000000 1.805683
0.500000 5.500000 4.435351
0.500000 5.000000 6.677561
0.000000 5.000000 12.171251
0.000000 5.500000 9.502507
0.500000 6.000000 2.408237
0.000000 6.000000 7.008517
0.000000 6.500000 4.755321
0.500000 6.500000 0.666020
1.000000 6.500000 -2.838097
1.000000 7.000000 -3.708669
0.500000 7.000000 -0.747524
0.000000 7.000000 2.793309
0.000000 7.500000 1.205531
0.500000 7.500000 -1.714006
0.500000 8.000000 -2.207094
0.000000 8.000000 0.085636
0.000000 8.500000 -0.428092
0.500000 8.500000 -2.033845
1.000000 8.500000 -3.193831
1.000000 8.000000 -3.982940
1.000000 7.500000 -4.113183
1.500000 7.500000 -5.970671
1.500000 8.000000 -5.257917
2.000000 7.500000 -7.186353
2.000000 8.000000 -5.913702
2.000000 8.500000 -3.905399
1.500000 8.500000 -3.836355
1.500000 9.000000 -1.552204
2.000000 9.000000 -1.026120
2.000000 9.500000 2.869975
2.486899 9.685832 6.432301
2.242708 9.745269 6.054107
2.303894 9.730985 6.147998
2.364990 9.716317 6.242342
2.425992 9.701266 6.337117
2.120071 9.772681 5.867768
2.181432 9.759168 5.960689
2.058626 9.785809 5.775365
1.997100 9.798551 5.683503
1.935495 9.810905 5.592204
1.750231 9.845643 5.321922
1.564345 9.876883 5.057546
1.626372 9.866859 5.144976
1.688334 9.856446 5.233109
1.812058 9.834452 5.411391
1.873813 9.822873 5.501493
1.500000 9.500000 1.716742
1.440108 9.895761 4.884889
1.502256 9.886517 4.970843
1.377903 9.904614 4.799709
1.315644 9.913076 4.715324
1.253332 9.921147 4.631758
1.190972 9.928826 4.549032
1.128564 9.936113 4.467170
1.066112 9.943008 4.386192
1.003617 9.949510 4.306120
0.941083 9.955620 4.226973
0.878512 9.961336 4.148773
0.815906 9.966659 4.071537
0.753268 9.971589 3.995285
0.690600 9.976125 3.920033
0.627905 9.980267 3.845799
1.000000 9.500000 1.054479
1.000000 9.000000 -1.552555
0.500000 9.000000 -1.078607
0.000000 9.000000 -0.194475
0.000000 9.500000 0.940654
0.500000 9.500000 0.819534
0.565185 9.984016 3.772597
0.502443 9.987370 3.700443
0.439681 9.990329 3.629350
0.376902 9.992895 3.559330
0.314108 9.995066 3.490394
0.251301 9.996842 3.422553
0.188484 9.998224 3.355814
0.125660 9.999210 3.290184
0.062831 9.999803 3.225671
10.000000 0.000000 20.000000
10.000000 -0.000000 20.000000
9.999803 -0.062831 19.999625
9.999210 -0.125660 19.998500
9.998224 -0.188484 19.996625
9.996842 -0.251301 19.994000
9.500000 -0.500000 13.445346
9.995066 -0.314108 19.990625
9.992895 -0.376902 19.986500
9.990329 -0.439681 19.981626
9.987370 -0.502443 19.976003
9.984016 -0.565185 19.969631
9.980267 -0.627905 19.962510
9.976125 -0.690600 19.954640
9.971589 -0.753268 19.946023
9.966659 -0.815906 19.936658
9.961336 -0.878512 19.926545
9.949510 -1.003617 19.904081
9.955620 -0.941083 19.915686
9.943008 -1.066112 19.891730
9.936113 -1.128564 19.878633
9.928826 -1.190972 19.864792
9.500000 -1.000000 13.989568
9.000000 -1.000000 8.267273
9.000000 -0.500000 7.629174
8.500000 -0.500000 2.718564
7.500000 -0.500000 -4.550727
8.000000 -0.500000 -1.335092
7.500000 -1.000000 -3.671397
8.000000 -1.000000 -0.534345
8.500000 -1.000000 3.438583
8.500000 -1.500000 4.360314
8.000000 -1.500000 0.448634
7.500000 -1.500000 -2.621050
8.000000 -2.000000 1.618526
7.500000 -2.000000 -1.408963
7.500000 -2.500000 -0.043256
8.000000 -2.500000 2.962334
8.500000 -2.000000 5.487676
8.500000 -2.500000 6.810637
9.000000 -2.500000 11.533155
9.000000 -2.000000 10.216379
9.000000 -1.500000 9.134365
9.500000 -1.500000 14.801824
9.904614 -1.377903 19.818808
9.921147 -1.253332 19.850208
9.913076 -1.315644 19.834879
9.895761 -1.440108 19.801996
9.886517 -1.502256 19.784442
9.856446 -1.688334 19.727341
9.866859 -1.626372 19.747114
9.876883 -1.564345 19.766147
9.834452 -1.812058 19.685584
9.822873 -1.873813 19.663601
9.845643 -1.750231 19.706831
9.785809 -2.058626 19.593248
9.772681 -2.120071 19.568332
9.759168 -2.181432 19.542685
9.798551 -1.997100 19.617432
9.810905 -1.935495 19.640884
9.500000 -2.000000 15.852240
9.500000 -2.500000 17.149636
9.685832 -2.486899 19.403537
9.701266 -2.425992 19.432818
9.716317 -2.364990 19.461375
9.730985 -2.303894 19.489205
9.745269 -2.242708 19.516309
9.585218 -2.850193 19.212718
9.567121 -2.910362 19.178406
9.548645 -2.970416 19.143382
9.500000 -3.000000 18.657152
9.529793 -3.030353 19.107646
9.510565 -3.090170 19.071201
9.602937 -2.789911 19.246316
9.620277 -2.729519 19.279198
9.637237 -2.669020 19.311362
9.653816 -2.608415 19.342808
9.670015 -2.547707 19.373533
9.000000 -3.000000 13.040405
9.000000 -3.500000 14.753692
9.365499 -3.505343 18.796369
9.343289 -3.564119 18.754312
9.320711 -3.622754 18.711563
9.274452 -3.739592 18.623992
9.297765 -3.681246 18.668122
9.387339 -3.446429 18.837731
9.408808 -3.387379 18.878396
9.429905 -3.328195 18.918362
9.450631 -3.268880 18.957627
9.490961 -3.149865 19.034049
9.470983 -3.209436 18.996190
8.763067 -4.817537 17.657571
8.822912 -4.707039 17.770504
8.793163 -4.762382 17.714360
8.881364 -4.595799 17.880852
8.852313 -4.651511 17.826003
8.910065 -4.539905 17.935049
8.938414 -4.483832 17.988592
8.966410 -4.427582 18.041479
9.048271 -4.257793 18.196171
8.994053 -4.371158 18.093705
9.021340 -4.314560 18.145270
9.074844 -4.200857 18.246405
9.101060 -4.143756 18.295969
9.126916 -4.086491 18.344862
9.177546 -3.971479 18.440625
9.202318 -3.913737 18.487489
9.152412 -4.029064 18.393081
9.226727 -3.855840 18.533674
9.250772 -3.797791 18.579175
9.000000 -4.000000 16.650643
8.500000 -4.000000 11.814201
8.500000 -4.500000 13.812701
8.732625 -4.872501 17.600142
8.701838 -4.927273 17.542074
8.670707 -4.981851 17.483371
8.500000 -5.000000 15.961013
8.000000 -4.500000 9.756804
8.000000 -5.000000 11.806925
7.500000 -5.000000 8.507355
7.500000 -4.500000 6.576709
8.000000 -4.000000 7.846012
7.500000 -4.000000 4.762319
7.500000 -3.500000 3.037500
8.000000 -3.500000 6.073527
8.500000 -3.500000 9.974579
8.500000 -3.000000 8.302882
8.000000 -3.000000 4.440923
7.500000 -3.000000 1.439747
7.000000 -3.000000 -0.750376
6.500000 -3.000000 -2.087678
6.500000 -3.500000 -0.548745
7.000000 -3.500000 0.839365
7.000000 -4.000000 2.493310
7.000000 -5.000000 6.029169
7.000000 -4.500000 4.225957
6.500000 -5.000000 4.380531
6.500000 -4.500000 2.708345
6.500000 -4.000000 1.059891
6.000000 -4.000000 0.407530
6.000000 -4.500000 1.974943
6.000000 -5.000000 3.530044
5.500000 -4.500000 2.018208
5.500000 -5.000000 3.449159
5.000000 -5.000000 4.159858
5.000000 -4.500000 2.878523
5.500000 -4.000000 0.578703
5.000000 -4.000000 1.576108
5.000000 -3.500000 0.224906
5.500000 -3.500000 -0.862387
6.000000 -3.500000 -1.119953
6.000000 -3.000000 -2.598916
5.500000 -3.000000 -2.293013
5.000000 -3.000000 -1.156720
5.000000 -2.500000 -2.556989
5.500000 -2.500000 -3.698608
5.500000 -2.000000 -5.095699
5.000000 -2.000000 -3.974775
5.000000 -1.500000 -5.351899
5.500000 -1.500000 -6.450854
6.000000 -1.500000 -6.734132
6.000000 -2.000000 -5.426093
6.000000 -2.500000 -4.032387
6.500000 -2.500000 -3.552763
6.500000 -2.000000 -4.921274
7.000000 -2.500000 -2.228341
7.000000 -2.000000 -3.590188
7.000000 -1.500000 -4.838817
6.500000 -1.500000 -6.188444
6.500000 -1.000000 -7.367685
7.000000 -1.000000 -5.950782
7.000000 -0.500000 -6.905108
6.500000 -0.500000 -8.409453
6.000000 -0.500000 -9.078387
6.000000 -1.000000 -7.963146
5.500000 -1.000000 -7.747854
5.000000 -1.000000 -6.710976
5.000000 -0.500000 -8.006809
5.500000 -0.500000 -8.946898
4.500000 -0.500000 -6.258782
4.000000 -0.500000 -3.768057
4.000000 -1.000000 -2.299667
4.500000 -1.000000 -4.880456
4.500000 -1.500000 -3.487477
4.500000 -2.500000 -0.649109
4.500000 -2.000000 -2.072948
4.000000 -2.500000 2.012779
4.000000 -2.000000 0.604735
4.000000 -1.500000 -0.841525
3.500000 -1.500000 2.523270
3.500000 -2.000000 4.008314
3.500000 -2.500000 5.437457
3.000000 -2.000000 8.175341
3.000000 -2.500000 9.607660
2.500000 -2.500000 14.517139
2.500000 -2.000000 13.117893
3.000000 -1.500000 6.668892
2.500000 -1.500000 11.590887
2.500000 -1.000000 9.955553
3.000000 -1.000000 5.108690
3.500000 -1.000000 1.017803
3.500000 -0.500000 -0.513369
3.000000 -0.500000 3.501642
2.500000 -0.500000 8.268718
2.000000 -0.500000 13.725946
2.000000 -1.000000 15.521393
1.500000 -1.000000 21.756055
1.500000 -0.500000 19.901130
1.000000 -0.500000 26.732295
0.000000 -0.500000 42.303275
0.500000 -0.500000 34.185279
0.000000 -1.000000 44.381704
0.500000 -1.000000 36.212862
1.000000 -1.000000 28.662251
1.000000 -1.500000 30.427331
0.500000 -1.500000 38.036824
0.000000 -1.500000 46.227041
0.500000 -2.000000 39.623877
0.000000 -2.000000 47.822149
0.000000 -2.500000 49.130894
0.500000 -2.500000 40.962872
1.000000 -2.000000 31.986578
1.000000 -2.500000 33.360334
1.500000 -2.500000 26.416132
1.500000 -2.000000 25.034723
1.500000 -1.500000 23.476792
2.000000 -1.500000 17.201168
2.000000 -2.000000 18.744665
2.000000 -2.500000 20.128790
2.000000 -3.000000 21.314615
2.000000 -3.500000 22.312288
1.500000 -3.500000 28.495867
1.500000 -3.000000 27.558805
1.000000 -3.000000 34.469543
0.000000 -3.000000 50.126063
0.500000 -3.000000 42.014566
0.000000 -3.500000 50.801904
0.500000 -3.500000 42.783786
1.000000 -3.500000 35.304695
1.000000 -4.000000 35.871171
0.500000 -4.000000 43.213190
0.000000 -4.000000 51.090114
0.500000 -4.500000 43.259057
0.000000 -4.500000 50.955614
0.000000 -5.000000 50.362218
0.500000 -5.000000 42.923138
1.000000 -4.500000 36.088098
1.000000 -5.000000 35.990306
1.500000 -5.000000 29.651610
1.500000 -4.500000 29.548999
1.500000 -4.000000 29.161105
2.000000 -4.000000 23.085661
2.000000 -4.500000 23.611792
2.000000 -5.000000 23.915163
2.500000 -5.000000 18.854331
2.500000 -4.500000 18.359652
3.000000 -4.500000 13.813500
3.000000 -5.000000 14.472509
3.500000 -5.000000 10.786298
3.500000 -4.500000 9.975320
3.500000 -4.000000 9.011986
3.000000 -4.000000 12.988034
2.500000 -4.000000 17.681763
2.500000 -3.500000 16.810108
3.000000 -3.500000 12.014785
2.500000 -3.000000 15.745387
3.000000 -3.000000 10.880869
3.500000 -3.000000 6.746410
3.500000 -3.500000 7.945779
4.000000 -3.500000 4.623512
4.000000 -3.000000 3.358149
4.500000 -3.000000 0.729674
4.500000 -3.500000 2.056294
4.500000 -4.000000 3.317420
4.000000 -4.000000 5.792529
4.000000 -4.500000 6.853705
4.000000 -5.000000 7.829495
4.500000 -5.000000 5.618319
4.500000 -4.500000 4.494605
4.500000 -5.500000 6.628913
4.000000 -5.500000 8.649084
4.000000 -6.000000 9.326349
4.500000 -6.000000 7.514954
4.500000 -6.500000 8.308173
4.500000 -7.500000 9.451910
4.500000 -7.000000 8.940618
4.000000 -7.500000 10.302138
4.000000 -7.000000 10.165642
4.000000 -6.500000 9.834640
3.500000 -6.500000 12.070330
3.500000 -7.000000 12.082155
3.500000 -7.500000 11.859274
3.000000 -7.000000 14.658443
3.000000 -7.500000 14.027667
2.500000 -7.500000 16.833155
2.500000 -7.000000 17.921039
3.000000 -6.500000 14.990910
2.500000 -6.500000 18.608221
2.500000 -6.000000 18.976974
3.000000 -6.000000 15.061811
3.500000 -6.000000 11.839832
3.500000 -5.500000 11.404039
3.000000 -5.500000 14.877402
2.500000 -5.500000 19.047260
2.000000 -5.500000 23.890482
2.000000 -6.000000 23.557224
1.500000 -6.000000 28.750510
1.500000 -5.500000 29.379674
1.000000 -5.500000 35.481495
0.000000 -5.500000 49.253132
0.500000 -5.500000 42.116000
0.000000 -6.000000 47.594206
0.500000 -6.000000 40.817244
1.000000 -6.000000 34.516039
1.000000 -6.500000 33.017866
0.500000 -6.500000 38.921372
0.000000 -6.500000 45.280955
0.500000 -7.000000 36.446687
0.000000 -7.000000 42.258090
0.000000 -7.500000 38.468785
0.500000 -7.500000 33.294518
1.000000 -7.000000 31.031440
1.000000 -7.500000 28.488641
1.500000 -7.500000 24.103060
1.500000 -7.000000 26.138828
1.500000 -6.500000 27.660938
2.000000 -6.500000 22.861033
2.000000 -7.000000 21.763088
2.000000 -7.500000 20.205123
2.000000 -8.000000 18.111293
2.000000 -8.500000 15.457655
1.500000 -8.500000 18.141833
1.500000 -8.000000 21.437225
1.000000 -8.000000 25.230449
0.000000 -8.000000 33.764128
0.500000 -8.000000 29.354205
0.000000 -8.500000 28.045997
0.500000 -8.500000 24.541342
1.000000 -8.500000 21.206947
1.000000 -9.000000 16.310713
0.500000 -9.000000 18.706878
0.000000 -9.000000 21.159036
0.500000 -9.500000 11.710194
0.000000 -9.500000 12.898970
0.062831 -9.999803 3.225671
0.125660 -9.999210 3.290184
0.188484 -9.998224 3.355814
0.251301 -9.996842 3.422553
0.314108 -9.995066 3.490394
0.376902 -9.992895 3.559330
0.439681 -9.990329 3.629350
0.502443 -9.987370 3.700443
0.565185 -9.984016 3.772597
0.627905 -9.980267 3.845799
0.690600 -9.976125 3.920033
0.753268 -9.971589 3.995285
0.815906 -9.966659 4.071537
0.878512 -9.961336 4.148773
1.000000 -9.500000 10.456160
1.003617 -9.949510 4.306120
0.941083 -9.955620 4.226973
1.066112 -9.943008 4.386192
1.128564 -9.936113 4.467170
1.190972 -9.928826 4.549032
1.377903 -9.904614 4.799709
1.315644 -9.913076 4.715324
1.253332 -9.921147 4.631758
1.502256 -9.886517 4.970843
1.440108 -9.895761 4.884889
1.564345 -9.876883 5.057546
1.626372 -9.866859 5.144976
1.688334 -9.856446 5.233109
1.750231 -9.845643 5.321922
1.812058 -9.834452 5.411391
1.873813 -9.822873 5.501493
1.500000 -9.500000 9.288440
1.500000 -9.000000 14.123747
2.000000 -9.000000 12.245883
2.486899 -9.685832 6.432301
2.000000 -9.500000 8.347072
2.181432 -9.759168 5.960689
2.120071 -9.772681 5.867768
2.058626 -9.785809 5.775365
1.935495 -9.810905 5.592204
1.997100 -9.798551 5.683503
2.242708 -9.745269 6.054107
2.303894 -9.730985 6.147998
2.364990 -9.716317 6.242342
2.425992 -9.701266 6.337117
2.547707 -9.670015 6.527874
2.608415 -9.653816 6.623816
2.500000 -9.500000 7.699148
2.789911 -9.602937 6.913652
2.729519 -9.620277 6.816725
2.669020 -9.637237 6.720106
2.910362 -9.567121 7.108359
2.850193 -9.585218 7.010870
3.000000 -9.500000 7.438774
3.030353 -9.529793 7.304079
3.090170 -9.510565 7.402273
2.970416 -9.548645 7.206101
3.446429 -9.387339 7.995065
3.387379 -9.408808 7.895916
3.328195 -9.429905 7.796886
3.149865 -9.490961 7.500668
3.209436 -9.470983 7.599246
3.268880 -9.450631 7.697991
3.505343 -9.365499 8.094318
3.564119 -9.343289 8.193660
3.622754 -9.320711 8.293076
3.681246 -9.297765 8.392552
3.739592 -9.274452 8.492075
3.500000 -9.000000 9.228291
3.000000 -9.000000 9.754124
2.500000 -9.000000 10.749755
2.500000 -8.500000 13.255302
3.000000 -8.500000 11.592451
2.500000 -8.000000 15.285681
3.000000 -8.000000 13.012378
3.500000 -8.000000 11.327219
3.500000 -8.500000 10.452096
4.000000 -8.500000 9.879341
4.000000 -8.000000 10.228136
4.500000 -8.000000 9.780687
4.500000 -8.500000 9.902072
4.981851 -8.670707 10.668410
4.872501 -8.732625 10.473139
4.927273 -8.701838 10.570873
4.817537 -8.763067 10.375216
4.707039 -8.822912 10.178840
4.762382 -8.793163 10.277113
4.427582 -8.966410 9.685256
4.483832 -8.938414 9.784236
4.539905 -8.910065 9.883094
4.595799 -8.881364 9.981820
4.651511 -8.852313 10.080405
4.371158 -8.994053 9.586167
4.314560 -9.021340 9.486977
4.257793 -9.048271 9.387697
4.000000 -9.000000 9.207106
4.029064 -9.152412 8.989913
3.971479 -9.177546 8.890359
3.913737 -9.202318 8.790785
3.855840 -9.226727 8.691205
3.797791 -9.250772 8.591630
4.086491 -9.126916 9.089436
4.143756 -9.101060 9.188916
4.200857 -9.074844 9.288340
6.613119 -7.501111 13.638786
6.565858 -7.542514 13.551517
6.276914 -7.784623 13.019293
6.325702 -7.745031 13.108994
6.374240 -7.705132 13.198303
6.422527 -7.664930 13.287216
6.470560 -7.624425 13.375726
6.518337 -7.583619 13.463828
5.928568 -8.053079 12.380942
5.877853 -8.090170 12.288331
6.029295 -7.977944 12.565132
5.979050 -8.015670 12.473211
6.079303 -7.939904 12.656699
6.129071 -7.901550 12.747904
6.178596 -7.862884 12.838742
6.227878 -7.823908 12.929207
5.826905 -8.126942 12.195385
5.775727 -8.163393 12.102110
5.724321 -8.199521 12.008513
5.672689 -8.235326 11.914601
5.620834 -8.270806 11.820382
5.411213 -8.409446 11.440566
5.463943 -8.375280 11.535946
5.516459 -8.340784 11.631047
5.568756 -8.305959 11.725861
5.358268 -8.443279 11.344914
5.305112 -8.476779 11.248999
5.251746 -8.509945 11.152827
5.198173 -8.542774 11.056407
5.090414 -8.607420 10.862856
5.036232 -8.639234 10.765741
5.144395 -8.575267 10.959748
5.000000 -8.500000 10.542347
5.000000 -8.000000 9.999692
5.500000 -8.000000 10.895512
5.000000 -7.500000 9.282263
5.000000 -7.000000 8.436761
5.500000 -7.000000 8.644926
5.500000 -7.500000 9.808458
6.000000 -7.500000 11.089875
6.000000 -7.000000 9.607754
6.000000 -6.500000 8.092835
5.500000 -6.500000 7.412147
5.000000 -6.500000 7.505259
5.000000 -6.000000 6.451768
5.500000 -6.000000 6.145205
5.000000 -5.500000 5.349125
5.500000 -5.500000 4.822956
6.000000 -5.500000 5.064695
6.000000 -6.000000 6.591217
6.500000 -6.000000 7.810182
6.500000 -5.500000 6.078743
7.000000 -5.500000 7.871023
7.000000 -6.000000 9.786924
7.417418 -6.706856 15.132097
7.459411 -6.660119 15.210446
7.375131 -6.753328 15.053237
7.332553 -6.799534 14.973869
7.289686 -6.845471 14.893999
7.000000 -6.500000 11.769337
6.500000 -6.500000 9.551444
6.500000 -7.000000 11.317565
6.500000 -7.500000 13.072681
6.660119 -7.459411 13.725631
6.706856 -7.417418 13.812046
6.845471 -7.289686 14.068658
6.799534 -7.332553 13.983564
6.753328 -7.375131 13.898025
6.891138 -7.246531 14.153301
6.936533 -7.203090 14.237488
6.981654 -7.159365 14.321215
7.026500 -7.115357 14.404476
7.000000 -7.000000 13.775150
7.159365 -6.981654 14.651418
7.115357 -7.026500 14.569582
7.071068 -7.071068 14.487266
7.203090 -6.936533 14.732769
7.246531 -6.891138 14.813631
7.542514 -6.565858 15.365593
7.501111 -6.613119 15.288279
7.500000 -6.500000 14.775708
7.624425 -6.470560 15.518643
7.583619 -6.518337 15.442382
7.664930 -6.422527 15.594371
7.705132 -6.374240 15.669563
7.745031 -6.325702 15.744215
7.784623 -6.276914 15.818322
7.500000 -6.000000 12.599563
7.823908 -6.227878 15.891881
7.862884 -6.178596 15.964887
7.901550 -6.129071 16.037338
7.977944 -6.029295 16.180556
8.015670 -5.979050 16.251316
7.939904 -6.079303 16.109229
8.053079 -5.928568 16.321505
8.090170 -5.877853 16.391120
7.500000 -5.500000 10.501061
8.000000 -5.500000 13.971522
8.270806 -5.620834 16.730451
8.305959 -5.568756 16.796546
8.340784 -5.516459 16.862041
8.375280 -5.463943 16.926935
8.409446 -5.411213 16.991223
8.509945 -5.251746 17.180426
8.476779 -5.305112 17.117972
8.542774 -5.198173 17.242262
8.575267 -5.144395 17.303478
8.607420 -5.090414 17.364070
8.639234 -5.036232 17.424035
8.443279 -5.358268 17.054903
8.235326 -5.672689 16.663762
8.199521 -5.724321 16.596481
8.163393 -5.775727 16.528611
8.126942 -5.826905 16.460156
